24555.0
22380.0
28365.0
28670.0
29825.0
22435.0
20735.0
32190.0
30020.0
33790.0
19455.0
23300.0
32195.0
28055.0
25685.0
29340.0
24995.0
32705.0
26080.0
28335.0
23980.0
31295.0
25120.0
26840.0
28940.0
24350.0
26280.0
26465.0
24150.0
33650.0
21880.0
22195.0
26735.0
29715.0
20925.0
31485.0
29490.0
21360.0
29475.0
29500.0
24735.0
32665.0
30825.0
28865.0
33425.0
18785.0
28700.0
29050.0
24600.0
25925.0
23885.0
19640.0
27420.0
23835.0
15325.0
22920.0
26720.0
28600.0
23580.0
29035.0
29685.0
30810.0
28010.0
28720.0
37570.0
21500.0
27455.0
24975.0
26905.0
22210.0
19170.0
30555.0
26940.0
24455.0
23520.0
23580.0
23995.0
23140.0
25030.0
32055.0
20615.0
25925.0
24780.0
33010.0
28910.0
22925.0
26460.0
22775.0
33860.0
34035.0
20380.0
27565.0
27315.0
21945.0
29010.0
25565.0
23675.0
30160.0
24865.0
26655.0
23545.0
22490.0
22105.0
27655.0
36300.0
27640.0
25790.0
27310.0
33415.0
28515.0
29650.0
19685.0
24625.0
25175.0
23475.0
24715.0
20725.0
25995.0
28800.0
24515.0
26760.0
26470.0
37370.0
20270.0
24530.0
28780.0
25680.0
26700.0
25430.0
24015.0
33295.0
31735.0
23720.0
23610.0
21080.0
22990.0
21960.0
27905.0
31785.0
28160.0
22195.0
27475.0
31100.0
25870.0
19350.0
22235.0
31450.0
33075.0
21800.0
32195.0
22860.0
25120.0
29570.0
20100.0
31565.0
29900.0
30730.0
26365.0
26970.0
31640.0
21075.0
26535.0
25020.0
27585.0
29475.0
26995.0
21370.0
27465.0
31810.0
36100.0
33495.0
25225.0
31655.0
31350.0
29620.0
29520.0
26390.0
30235.0
35305.0
25480.0
28090.0
18700.0
19370.0
28165.0
19245.0
27465.0
26480.0
28765.0
32900.0
18890.0
22780.0
18990.0
25620.0
20070.0
27665.0
32015.0
30630.0
23125.0
32900.0
34010.0
31260.0
26560.0
22125.0
23170.0
28775.0
29150.0
41640.0
22045.0
23640.0
22045.0
25940.0
27710.0
27245.0
24405.0
24335.0
21835.0
25180.0
21785.0
23280.0
27055.0
24130.0
28970.0
24070.0
25795.0
27575.0
25360.0
37135.0
24215.0
34210.0
27095.0
23755.0
30085.0
32345.0
30935.0
37935.0
27520.0
34655.0
21015.0
25510.0
24930.0
27110.0
29585.0
28995.0
33955.0
17750.0
25685.0
25115.0
29760.0
21235.0
23620.0
22200.0
27490.0
23120.0
28760.0
27610.0
20535.0
25130.0
25065.0
26455.0
24305.0
28055.0
21505.0
27025.0
35760.0
25835.0
32835.0
27530.0
22105.0
32665.0
20475.0
25320.0
24395.0
28650.0
19875.0
28170.0
28995.0
25880.0
26445.0
22145.0
21790.0
33010.0
28600.0
28450.0
26790.0
24300.0
23725.0
36175.0
19775.0
19745.0
25505.0
22915.0
27450.0
25215.0
31055.0
20810.0
25500.0
20590.0
25260.0
29915.0
21735.0
24490.0
19065.0
35150.0
32035.0
24585.0
27655.0
33805.0
32835.0
31175.0
23780.0
28550.0
35325.0
21770.0
28040.0
43120.0
23655.0
35435.0
24775.0
24105.0
31330.0
39705.0
22105.0
23945.0
23040.0
23265.0
25965.0
28965.0
30125.0
29950.0
24910.0
28440.0
29045.0
22320.0
19750.0
27325.0
26475.0
26440.0
27815.0
30325.0
30980.0
21915.0
25675.0
27360.0
26540.0
29535.0
27860.0
22615.0
23645.0
24115.0
29910.0
29735.0
25195.0
23050.0
24300.0
22155.0
28305.0
31930.0
30605.0
30590.0
22725.0
35270.0
22285.0
26095.0
20525.0
22555.0
29920.0
30695.0
18325.0
28720.0
29455.0
23890.0
23470.0
15595.0
21490.0
27250.0
30115.0
26590.0
17295.0
22355.0
28935.0
32840.0
32345.0
26080.0
31825.0
25310.0
19845.0
26250.0
22860.0
29345.0
17800.0
26260.0
31240.0
22475.0
21555.0
31015.0
24480.0
21345.0
31305.0
30740.0
28155.0
28935.0
23795.0
22735.0
19880.0
28820.0
28255.0
37985.0
21450.0
29675.0
27315.0
23485.0
27480.0
25950.0
27720.0
27510.0
18600.0
28375.0
28685.0
31640.0
24720.0
32810.0
16925.0
17585.0
30675.0
25425.0
27380.0
30985.0
33955.0
31700.0
28630.0
31410.0
27740.0
27955.0
28250.0
30610.0
22460.0
28450.0
20895.0
22265.0
26135.0
20705.0
27630.0
23850.0
30245.0
29370.0
28765.0
22120.0
35165.0
24460.0
27685.0
24335.0
17540.0
35655.0
30035.0
31630.0
26765.0
32465.0
29755.0
32485.0
27340.0
26655.0
25355.0
24955.0
34210.0
27210.0
32860.0
23320.0
26805.0
25180.0
27025.0
25780.0
36410.0
25745.0
21655.0
22530.0
34140.0
23050.0
27390.0
30755.0
24345.0
23925.0
27010.0
36605.0
27975.0
25725.0
30820.0
23815.0
30725.0
25295.0
31365.0
23640.0
22670.0
28875.0
34405.0
30905.0
23715.0
23575.0
31855.0
30100.0
25580.0
