28950.0
24740.0
29915.0
26935.0
20285.0
23785.0
28865.0
32975.0
32330.0
24960.0
31185.0
24290.0
24020.0
25315.0
27925.0
24655.0
18940.0
29855.0
23685.0
20310.0
23520.0
27880.0
23665.0
17005.0
19510.0
27625.0
24305.0
24300.0
24475.0
34150.0
29375.0
26270.0
23830.0
25030.0
22695.0
33035.0
28860.0
24995.0
29195.0
21980.0
21850.0
24235.0
23830.0
35130.0
20745.0
27730.0
30075.0
25575.0
20105.0
24520.0
20680.0
20205.0
21235.0
27820.0
23375.0
31595.0
24795.0
23410.0
20210.0
35060.0
24380.0
24655.0
20235.0
22395.0
27980.0
10470.0
29575.0
29075.0
24335.0
27895.0
34265.0
24495.0
21190.0
28525.0
19525.0
28095.0
27680.0
18325.0
26535.0
33645.0
26165.0
25475.0
19690.0
16535.0
26030.0
27885.0
26820.0
21620.0
27065.0
23965.0
25385.0
15090.0
21100.0
19320.0
26590.0
17110.0
24830.0
27705.0
29900.0
18780.0
22235.0
28290.0
25910.0
20560.0
24540.0
24600.0
29575.0
18960.0
30550.0
21550.0
31370.0
24290.0
21095.0
28415.0
22865.0
22635.0
25985.0
26355.0
22190.0
24930.0
30630.0
19860.0
26140.0
23225.0
24755.0
23310.0
35120.0
24025.0
24995.0
29955.0
25015.0
24320.0
17675.0
24490.0
22350.0
33545.0
26485.0
27000.0
26505.0
28945.0
24650.0
21410.0
32590.0
21740.0
26530.0
31925.0
31030.0
25255.0
24195.0
21880.0
21685.0
28700.0
20485.0
29580.0
29055.0
29860.0
33080.0
26850.0
22540.0
15720.0
21345.0
35120.0
27315.0
26270.0
20865.0
24680.0
24065.0
21405.0
28275.0
19240.0
17705.0
20585.0
28880.0
29380.0
32085.0
22180.0
27860.0
31890.0
24835.0
27580.0
24760.0
22890.0
26465.0
24245.0
25690.0
26605.0
19245.0
19730.0
24245.0
22025.0
21790.0
28815.0
21875.0
18665.0
19075.0
18265.0
20795.0
17405.0
31115.0
17680.0
34445.0
15960.0
27560.0
19655.0
21640.0
20980.0
24590.0
23325.0
29310.0
30000.0
19920.0
24515.0
21860.0
15415.0
19985.0
28055.0
15895.0
22065.0
24510.0
31015.0
23585.0
26760.0
22030.0
26485.0
29620.0
35885.0
26415.0
18410.0
29040.0
28650.0
24430.0
27480.0
23450.0
26790.0
22300.0
18705.0
29765.0
15730.0
30320.0
24275.0
24880.0
31130.0
16800.0
29825.0
25225.0
22625.0
32790.0
21195.0
20155.0
29890.0
29530.0
33010.0
16970.0
22725.0
30655.0
21815.0
20835.0
31655.0
15940.0
25035.0
17655.0
21145.0
25960.0
25265.0
25005.0
20645.0
27485.0
21850.0
24300.0
24795.0
21085.0
27755.0
21745.0
21010.0
26155.0
20930.0
23630.0
29995.0
24670.0
19895.0
22615.0
27720.0
21205.0
25385.0
31380.0
22805.0
18315.0
23920.0
24005.0
28565.0
23850.0
19845.0
31280.0
25025.0
19840.0
23010.0
28650.0
21900.0
23090.0
20260.0
20805.0
22500.0
27680.0
19110.0
23230.0
24310.0
18655.0
23825.0
23615.0
23845.0
17100.0
29500.0
17740.0
19110.0
25015.0
28435.0
21295.0
20400.0
25985.0
29115.0
23575.0
14705.0
27665.0
31745.0
24015.0
17185.0
31830.0
19040.0
30875.0
19320.0
25595.0
25145.0
25560.0
28040.0
21335.0
25465.0
26320.0
25925.0
20440.0
25225.0
25445.0
30990.0
32190.0
30010.0
28225.0
16460.0
23430.0
26310.0
23260.0
19295.0
27320.0
28230.0
29640.0
25835.0
24595.0
23840.0
29845.0
21650.0
22975.0
24390.0
28310.0
24925.0
24290.0
25500.0
27675.0
26245.0
23210.0
28765.0
21470.0
26570.0
22350.0
35000.0
16225.0
32655.0
23910.0
21800.0
23120.0
27135.0
23655.0
27435.0
21225.0
24955.0
22330.0
20230.0
22830.0
23800.0
22890.0
19660.0
32000.0
15990.0
32475.0
17125.0
31690.0
22875.0
21325.0
25850.0
15990.0
19415.0
27815.0
34115.0
21180.0
29280.0
28290.0
17215.0
21615.0
29495.0
19020.0
27665.0
16265.0
27220.0
19260.0
23180.0
23770.0
24035.0
22705.0
16455.0
23860.0
23395.0
25840.0
19615.0
26425.0
31835.0
25880.0
24970.0
30225.0
31460.0
24735.0
19640.0
25560.0
21835.0
19995.0
28485.0
26260.0
23705.0
20145.0
22495.0
25065.0
21580.0
21495.0
29195.0
20375.0
24240.0
27365.0
26620.0
25605.0
22095.0
21730.0
26710.0
22445.0
27860.0
16950.0
19065.0
26500.0
24275.0
24860.0
21920.0
19325.0
22065.0
22445.0
22510.0
27570.0
30040.0
18940.0
19855.0
24400.0
20910.0
25930.0
31240.0
28895.0
27015.0
23035.0
23800.0
33230.0
23100.0
21705.0
29510.0
25295.0
24380.0
24900.0
23265.0
23590.0
20010.0
20200.0
35045.0
26535.0
26480.0
24435.0
22880.0
27450.0
22265.0
26610.0
31555.0
19240.0
28185.0
22555.0
22555.0
28515.0
21275.0
23525.0
34515.0
