2460.0,0.0
27720.0,10.0
24990.0,20.0
17650.0,30.0
16760.0,40.0
18080.0,50.0
19460.0,60.0
26390.0,70.0
24120.0,80.0
25050.0,90.0
28270.0,100.0
25630.0,110.0
19740.0,120.0
16090.0,130.0
25250.0,140.0
8840.0,150.0
15280.0,160.0
15120.0,170.0
12970.0,180.0
28260.0,190.0
18670.0,200.0
18890.0,210.0
19960.0,220.0
22150.0,230.0
21630.0,240.0
19490.0,250.0
16580.0,260.0
16420.0,270.0
27040.0,280.0
20350.0,290.0
19700.0,300.0
12080.0,310.0
17650.0,320.0
16250.0,330.0
18840.0,340.0
19570.0,350.0
30570.0,360.0
22620.0,370.0
9760.0,380.0
16920.0,390.0
13060.0,400.0
20440.0,410.0
16880.0,420.0
31550.0,430.0
17030.0,440.0
25800.0,450.0
9120.0,460.0
25810.0,470.0
12540.0,480.0
19730.0,490.0
14810.0,500.0
18200.0,510.0
25540.0,520.0
13890.0,530.0
16850.0,540.0
14490.0,550.0
17360.0,560.0
20780.0,570.0
25840.0,580.0
21380.0,590.0
22820.0,600.0
9100.0,610.0
23430.0,620.0
24100.0,630.0
20290.0,640.0
8440.0,650.0
11210.0,660.0
23560.0,670.0
18750.0,680.0
5200.0,690.0
20070.0,700.0
17060.0,710.0
17190.0,720.0
21730.0,730.0
22100.0,740.0
15880.0,750.0
20960.0,760.0
20660.0,770.0
18470.0,780.0
21850.0,790.0
17220.0,800.0
27210.0,810.0
24780.0,820.0
14790.0,830.0
21930.0,840.0
14370.0,850.0
26610.0,860.0
18390.0,870.0
19570.0,880.0
24300.0,890.0
21260.0,900.0
25210.0,910.0
22910.0,920.0
15680.0,930.0
19610.0,940.0
18120.0,950.0
20970.0,960.0
12840.0,970.0
18480.0,980.0
18210.0,990.0
13920.0,1000.0
20090.0,1010.0
20150.0,1020.0
34740.0,1030.0
20570.0,1040.0
15460.0,1050.0
18360.0,1060.0
23450.0,1070.0
22100.0,1080.0
12620.0,1090.0
17480.0,1100.0
23130.0,1110.0
22630.0,1120.0
22350.0,1130.0
20530.0,1140.0
17110.0,1150.0
16690.0,1160.0
35470.0,1170.0
25640.0,1180.0
21650.0,1190.0
12290.0,1200.0
11950.0,1210.0
18550.0,1220.0
23140.0,1230.0
20340.0,1240.0
17830.0,1250.0
29380.0,1260.0
21290.0,1270.0
15780.0,1280.0
29480.0,1290.0
23920.0,1300.0
15960.0,1310.0
28500.0,1320.0
39550.0,1330.0
22390.0,1340.0
17860.0,1350.0
18800.0,1360.0
13150.0,1370.0
23720.0,1380.0
24780.0,1390.0
24810.0,1400.0
20830.0,1410.0
18220.0,1420.0
32750.0,1430.0
34370.0,1440.0
18500.0,1450.0
21780.0,1460.0
17860.0,1470.0
20260.0,1480.0
28800.0,1490.0
16600.0,1500.0
31580.0,1510.0
17310.0,1520.0
29310.0,1530.0
19920.0,1540.0
27920.0,1550.0
29160.0,1560.0
32610.0,1570.0
20980.0,1580.0
28200.0,1590.0
22640.0,1600.0
17530.0,1610.0
26770.0,1620.0
23010.0,1630.0
20670.0,1640.0
20640.0,1650.0
18960.0,1660.0
15930.0,1670.0
15700.0,1680.0
34490.0,1690.0
16350.0,1700.0
28770.0,1710.0
23110.0,1720.0
22580.0,1730.0
12900.0,1740.0
28670.0,1750.0
26430.0,1760.0
23600.0,1770.0
19680.0,1780.0
24130.0,1790.0
26880.0,1800.0
16090.0,1810.0
15560.0,1820.0
13710.0,1830.0
27880.0,1840.0
21320.0,1850.0
19880.0,1860.0
16970.0,1870.0
16200.0,1880.0
29440.0,1890.0
16730.0,1900.0
23480.0,1910.0
26070.0,1920.0
36360.0,1930.0
14730.0,1940.0
20480.0,1950.0
15980.0,1960.0
35180.0,1970.0
30660.0,1980.0
19980.0,1990.0
32510.0,2000.0
24590.0,2010.0
22050.0,2020.0
37100.0,2030.0
30190.0,2040.0
32820.0,2050.0
28190.0,2060.0
22930.0,2070.0
20840.0,2080.0
25910.0,2090.0
25460.0,2100.0
27440.0,2110.0
14490.0,2120.0
16290.0,2130.0
24260.0,2140.0
23000.0,2150.0
21950.0,2160.0
25800.0,2170.0
15890.0,2180.0
36670.0,2190.0
21550.0,2200.0
22940.0,2210.0
26700.0,2220.0
21280.0,2230.0
30750.0,2240.0
33130.0,2250.0
28070.0,2260.0
29450.0,2270.0
17310.0,2280.0
26450.0,2290.0
10580.0,2300.0
21600.0,2310.0
10190.0,2320.0
26530.0,2330.0
26490.0,2340.0
19560.0,2350.0
26460.0,2360.0
23620.0,2370.0
26770.0,2380.0
23520.0,2390.0
19380.0,2400.0
18650.0,2410.0
31320.0,2420.0
29200.0,2430.0
30940.0,2440.0
23210.0,2450.0
30490.0,2460.0
28940.0,2470.0
22030.0,2480.0
36480.0,2490.0
32730.0,2500.0
21470.0,2510.0
28870.0,2520.0
21660.0,2530.0
24080.0,2540.0
26900.0,2550.0
22780.0,2560.0
28980.0,2570.0
29710.0,2580.0
24780.0,2590.0
30850.0,2600.0
31180.0,2610.0
18350.0,2620.0
32980.0,2630.0
22520.0,2640.0
35760.0,2650.0
20210.0,2660.0
12960.0,2670.0
27600.0,2680.0
27730.0,2690.0
19530.0,2700.0
19220.0,2710.0
17990.0,2720.0
27770.0,2730.0
18340.0,2740.0
25840.0,2750.0
27190.0,2760.0
27110.0,2770.0
25950.0,2780.0
32100.0,2790.0
19710.0,2800.0
25930.0,2810.0
20630.0,2820.0
29680.0,2830.0
22730.0,2840.0
28080.0,2850.0
29780.0,2860.0
26490.0,2870.0
16050.0,2880.0
29180.0,2890.0
18910.0,2900.0
25120.0,2910.0
31240.0,2920.0
21990.0,2930.0
32800.0,2940.0
27690.0,2950.0
21120.0,2960.0
24710.0,2970.0
39750.0,2980.0
33270.0,2990.0
32270.0,3000.0
27100.0,3010.0
20210.0,3020.0
28350.0,3030.0
19360.0,3040.0
20730.0,3050.0
31960.0,3060.0
24070.0,3070.0
12310.0,3080.0
27220.0,3090.0
28970.0,3100.0
12470.0,3110.0
26100.0,3120.0
26120.0,3130.0
27180.0,3140.0
27820.0,3150.0
14400.0,3160.0
26560.0,3170.0
36070.0,3180.0
28170.0,3190.0
28240.0,3200.0
41500.0,3210.0
20140.0,3220.0
30620.0,3230.0
26810.0,3240.0
19880.0,3250.0
19470.0,3260.0
23790.0,3270.0
23290.0,3280.0
13110.0,3290.0
21860.0,3300.0
15370.0,3310.0
23250.0,3320.0
24200.0,3330.0
27390.0,3340.0
22340.0,3350.0
25940.0,3360.0
30270.0,3370.0
22730.0,3380.0
16160.0,3390.0
30170.0,3400.0
26470.0,3410.0
16760.0,3420.0
23850.0,3430.0
31110.0,3440.0
31610.0,3450.0
24320.0,3460.0
32270.0,3470.0
29860.0,3480.0
30390.0,3490.0
30640.0,3500.0
22130.0,3510.0
15050.0,3520.0
20240.0,3530.0
23470.0,3540.0
14730.0,3550.0
37660.0,3560.0
16830.0,3570.0
24550.0,3580.0
26190.0,3590.0
35180.0,3600.0
35880.0,3610.0
26100.0,3620.0
26210.0,3630.0
21020.0,3640.0
31620.0,3650.0
15790.0,3660.0
26350.0,3670.0
17060.0,3680.0
28690.0,3690.0
22520.0,3700.0
34740.0,3710.0
17800.0,3720.0
25250.0,3730.0
26350.0,3740.0
32800.0,3750.0
38260.0,3760.0
25670.0,3770.0
20790.0,3780.0
21980.0,3790.0
19660.0,3800.0
31020.0,3810.0
31750.0,3820.0
24800.0,3830.0
39070.0,3840.0
30970.0,3850.0
21070.0,3860.0
19980.0,3870.0
24500.0,3880.0
21690.0,3890.0
21200.0,3900.0
18300.0,3910.0
21390.0,3920.0
28830.0,3930.0
15930.0,3940.0
17970.0,3950.0
28560.0,3960.0
27210.0,3970.0
24960.0,3980.0
20010.0,3990.0
26640.0,4000.0
32270.0,4010.0
26790.0,4020.0
22470.0,4030.0
13980.0,4040.0
25890.0,4050.0
21240.0,4060.0
20410.0,4070.0
28860.0,4080.0
26580.0,4090.0
31440.0,4100.0
26340.0,4110.0
