-150.0,0.0
19340.0,10.0
15340.0,20.0
12850.0,30.0
17480.0,40.0
21080.0,50.0
7760.0,60.0
14840.0,70.0
7910.0,80.0
19470.0,90.0
14740.0,100.0
14170.0,110.0
18250.0,120.0
13720.0,130.0
14840.0,140.0
24150.0,150.0
20480.0,160.0
17830.0,170.0
18470.0,180.0
17940.0,190.0
17860.0,200.0
19290.0,210.0
25090.0,220.0
15990.0,230.0
13290.0,240.0
15120.0,250.0
27990.0,260.0
19170.0,270.0
14660.0,280.0
24540.0,290.0
16760.0,300.0
14670.0,310.0
14860.0,320.0
12090.0,330.0
17250.0,340.0
22330.0,350.0
21960.0,360.0
24550.0,370.0
20960.0,380.0
18300.0,390.0
21520.0,400.0
19640.0,410.0
18620.0,420.0
17580.0,430.0
24270.0,440.0
23920.0,450.0
19560.0,460.0
22570.0,470.0
22430.0,480.0
26670.0,490.0
16970.0,500.0
9290.0,510.0
18340.0,520.0
26570.0,530.0
25130.0,540.0
10550.0,550.0
17150.0,560.0
20290.0,570.0
23190.0,580.0
18810.0,590.0
15030.0,600.0
19500.0,610.0
30780.0,620.0
21880.0,630.0
22610.0,640.0
15250.0,650.0
16640.0,660.0
20990.0,670.0
30130.0,680.0
24200.0,690.0
26400.0,700.0
24090.0,710.0
18760.0,720.0
17090.0,730.0
22030.0,740.0
22210.0,750.0
15700.0,760.0
29620.0,770.0
20560.0,780.0
22290.0,790.0
18140.0,800.0
26180.0,810.0
18140.0,820.0
29290.0,830.0
19720.0,840.0
21760.0,850.0
20720.0,860.0
17200.0,870.0
23690.0,880.0
20870.0,890.0
8680.0,900.0
25170.0,910.0
23140.0,920.0
25990.0,930.0
23730.0,940.0
25540.0,950.0
24180.0,960.0
31060.0,970.0
22950.0,980.0
19100.0,990.0
28800.0,1000.0
19100.0,1010.0
25720.0,1020.0
22400.0,1030.0
18090.0,1040.0
24720.0,1050.0
12600.0,1060.0
30600.0,1070.0
18190.0,1080.0
15610.0,1090.0
15040.0,1100.0
22750.0,1110.0
27860.0,1120.0
12340.0,1130.0
16170.0,1140.0
20770.0,1150.0
27070.0,1160.0
12640.0,1170.0
25920.0,1180.0
18790.0,1190.0
26560.0,1200.0
27990.0,1210.0
23420.0,1220.0
21640.0,1230.0
15180.0,1240.0
15260.0,1250.0
19710.0,1260.0
27030.0,1270.0
13450.0,1280.0
38440.0,1290.0
28410.0,1300.0
10680.0,1310.0
22580.0,1320.0
24460.0,1330.0
22660.0,1340.0
21940.0,1350.0
23900.0,1360.0
17550.0,1370.0
11710.0,1380.0
14810.0,1390.0
24480.0,1400.0
29010.0,1410.0
18940.0,1420.0
19880.0,1430.0
17130.0,1440.0
25210.0,1450.0
17940.0,1460.0
18220.0,1470.0
16110.0,1480.0
15580.0,1490.0
8620.0,1500.0
30240.0,1510.0
20530.0,1520.0
22160.0,1530.0
14390.0,1540.0
23080.0,1550.0
24840.0,1560.0
22270.0,1570.0
22380.0,1580.0
14580.0,1590.0
28920.0,1600.0
22210.0,1610.0
24590.0,1620.0
18230.0,1630.0
14330.0,1640.0
27030.0,1650.0
23830.0,1660.0
22910.0,1670.0
19320.0,1680.0
22390.0,1690.0
22670.0,1700.0
16510.0,1710.0
26250.0,1720.0
18950.0,1730.0
18850.0,1740.0
25520.0,1750.0
14950.0,1760.0
18110.0,1770.0
26820.0,1780.0
19090.0,1790.0
20940.0,1800.0
22760.0,1810.0
28940.0,1820.0
19820.0,1830.0
15280.0,1840.0
24090.0,1850.0
13770.0,1860.0
25740.0,1870.0
28010.0,1880.0
22660.0,1890.0
23140.0,1900.0
32080.0,1910.0
18680.0,1920.0
19300.0,1930.0
28130.0,1940.0
20230.0,1950.0
19520.0,1960.0
23770.0,1970.0
25180.0,1980.0
26540.0,1990.0
12430.0,2000.0
17850.0,2010.0
16390.0,2020.0
13360.0,2030.0
22430.0,2040.0
8910.0,2050.0
12770.0,2060.0
17540.0,2070.0
16950.0,2080.0
18980.0,2090.0
20060.0,2100.0
25580.0,2110.0
24090.0,2120.0
23380.0,2130.0
10530.0,2140.0
11450.0,2150.0
15870.0,2160.0
23610.0,2170.0
17990.0,2180.0
24090.0,2190.0
22200.0,2200.0
8150.0,2210.0
12860.0,2220.0
18860.0,2230.0
25460.0,2240.0
27530.0,2250.0
17780.0,2260.0
26650.0,2270.0
14980.0,2280.0
14770.0,2290.0
27960.0,2300.0
17200.0,2310.0
19480.0,2320.0
13710.0,2330.0
22960.0,2340.0
15500.0,2350.0
17560.0,2360.0
26570.0,2370.0
26270.0,2380.0
29010.0,2390.0
20860.0,2400.0
20670.0,2410.0
25670.0,2420.0
23410.0,2430.0
22190.0,2440.0
18270.0,2450.0
20700.0,2460.0
24200.0,2470.0
22930.0,2480.0
24170.0,2490.0
17420.0,2500.0
24090.0,2510.0
23760.0,2520.0
23870.0,2530.0
23600.0,2540.0
18490.0,2550.0
23460.0,2560.0
27830.0,2570.0
17680.0,2580.0
26630.0,2590.0
23770.0,2600.0
24980.0,2610.0
25750.0,2620.0
26200.0,2630.0
20010.0,2640.0
20970.0,2650.0
23000.0,2660.0
18330.0,2670.0
33410.0,2680.0
22200.0,2690.0
40080.0,2700.0
19320.0,2710.0
16210.0,2720.0
12760.0,2730.0
20120.0,2740.0
13490.0,2750.0
26810.0,2760.0
26260.0,2770.0
8450.0,2780.0
20840.0,2790.0
33690.0,2800.0
18690.0,2810.0
27240.0,2820.0
35090.0,2830.0
30400.0,2840.0
24310.0,2850.0
20560.0,2860.0
24280.0,2870.0
22740.0,2880.0
15510.0,2890.0
26870.0,2900.0
16450.0,2910.0
20700.0,2920.0
15630.0,2930.0
25850.0,2940.0
22660.0,2950.0
29690.0,2960.0
31690.0,2970.0
28420.0,2980.0
20940.0,2990.0
25220.0,3000.0
27510.0,3010.0
24630.0,3020.0
27850.0,3030.0
17970.0,3040.0
14800.0,3050.0
28120.0,3060.0
18060.0,3070.0
11440.0,3080.0
23270.0,3090.0
22280.0,3100.0
16590.0,3110.0
25780.0,3120.0
26150.0,3130.0
16870.0,3140.0
22870.0,3150.0
21610.0,3160.0
21960.0,3170.0
22910.0,3180.0
17910.0,3190.0
19860.0,3200.0
14800.0,3210.0
21050.0,3220.0
17680.0,3230.0
17260.0,3240.0
22770.0,3250.0
28390.0,3260.0
21610.0,3270.0
19900.0,3280.0
24800.0,3290.0
19980.0,3300.0
27490.0,3310.0
21750.0,3320.0
10690.0,3330.0
17430.0,3340.0
22740.0,3350.0
16640.0,3360.0
20050.0,3370.0
15930.0,3380.0
21760.0,3390.0
12380.0,3400.0
18960.0,3410.0
13580.0,3420.0
13090.0,3430.0
16640.0,3440.0
21610.0,3450.0
19600.0,3460.0
16520.0,3470.0
19850.0,3480.0
27070.0,3490.0
32870.0,3500.0
10610.0,3510.0
22450.0,3520.0
16820.0,3530.0
20820.0,3540.0
22020.0,3550.0
25420.0,3560.0
23670.0,3570.0
19800.0,3580.0
24650.0,3590.0
17820.0,3600.0
31180.0,3610.0
19770.0,3620.0
34580.0,3630.0
20810.0,3640.0
27820.0,3650.0
25060.0,3660.0
19920.0,3670.0
17100.0,3680.0
19300.0,3690.0
23220.0,3700.0
21830.0,3710.0
16060.0,3720.0
23410.0,3730.0
15290.0,3740.0
21600.0,3750.0
22510.0,3760.0
19730.0,3770.0
20320.0,3780.0
24630.0,3790.0
23670.0,3800.0
16150.0,3810.0
17730.0,3820.0
20390.0,3830.0
20690.0,3840.0
20620.0,3850.0
32800.0,3860.0
11150.0,3870.0
25770.0,3880.0
29170.0,3890.0
19550.0,3900.0
26620.0,3910.0
23890.0,3920.0
15460.0,3930.0
16110.0,3940.0
10570.0,3950.0
28500.0,3960.0
18200.0,3970.0
27080.0,3980.0
12260.0,3990.0
17560.0,4000.0
11420.0,4010.0
10150.0,4020.0
24000.0,4030.0
14440.0,4040.0
24830.0,4050.0
11550.0,4060.0
25220.0,4070.0
22050.0,4080.0
28500.0,4090.0
27130.0,4100.0
21660.0,4110.0
21430.0,4120.0
17270.0,4130.0
31440.0,4140.0
25470.0,4150.0
13820.0,4160.0
21370.0,4170.0
12090.0,4180.0
20690.0,4190.0
25620.0,4200.0
19710.0,4210.0
17970.0,4220.0
25010.0,4230.0
25120.0,4240.0
16730.0,4250.0
17450.0,4260.0
18940.0,4270.0
23890.0,4280.0
20380.0,4290.0
17390.0,4300.0
25220.0,4310.0
42250.0,4320.0
34790.0,4330.0
25950.0,4340.0
17230.0,4350.0
15930.0,4360.0
27470.0,4370.0
26390.0,4380.0
18350.0,4390.0
19900.0,4400.0
32530.0,4410.0
25140.0,4420.0
16400.0,4430.0
25040.0,4440.0
14760.0,4450.0
18600.0,4460.0
21050.0,4470.0
18370.0,4480.0
17730.0,4490.0
28670.0,4500.0
30760.0,4510.0
25490.0,4520.0
28350.0,4530.0
12450.0,4540.0
16680.0,4550.0
17750.0,4560.0
25070.0,4570.0
23390.0,4580.0
19000.0,4590.0
14150.0,4600.0
23120.0,4610.0
17980.0,4620.0
15090.0,4630.0
18270.0,4640.0
20570.0,4650.0
15510.0,4660.0
24410.0,4670.0
17770.0,4680.0
20560.0,4690.0
7330.0,4700.0
32780.0,4710.0
31110.0,4720.0
23040.0,4730.0
30220.0,4740.0
17850.0,4750.0
17030.0,4760.0
21780.0,4770.0
26050.0,4780.0
11490.0,4790.0
17970.0,4800.0
25290.0,4810.0
29280.0,4820.0
34510.0,4830.0
15740.0,4840.0
16910.0,4850.0
33860.0,4860.0
26800.0,4870.0
21360.0,4880.0
24750.0,4890.0
14550.0,4900.0
14640.0,4910.0
24110.0,4920.0
21370.0,4930.0
23260.0,4940.0
18590.0,4950.0
24850.0,4960.0
11430.0,4970.0
24460.0,4980.0
16520.0,4990.0
21140.0,5000.0
27760.0,5010.0
25080.0,5020.0
23810.0,5030.0
19080.0,5040.0
33660.0,5050.0
28130.0,5060.0
23890.0,5070.0
32180.0,5080.0
25320.0,5090.0
23390.0,5100.0
21430.0,5110.0
31080.0,5120.0
21240.0,5130.0
29340.0,5140.0
19430.0,5150.0
18410.0,5160.0
36320.0,5170.0
16400.0,5180.0
13110.0,5190.0
21650.0,5200.0
22770.0,5210.0
16640.0,5220.0
19740.0,5230.0
29040.0,5240.0
19410.0,5250.0
27880.0,5260.0
32660.0,5270.0
20780.0,5280.0
23180.0,5290.0
14700.0,5300.0
13900.0,5310.0
17990.0,5320.0
18010.0,5330.0
23030.0,5340.0
22620.0,5350.0
23160.0,5360.0
30180.0,5370.0
24040.0,5380.0
26220.0,5390.0
31110.0,5400.0
26210.0,5410.0
15000.0,5420.0
21010.0,5430.0
21320.0,5440.0
11150.0,5450.0
24130.0,5460.0
16510.0,5470.0
14640.0,5480.0
15100.0,5490.0
32140.0,5500.0
23820.0,5510.0
33170.0,5520.0
32890.0,5530.0
16080.0,5540.0
20850.0,5550.0
11640.0,5560.0
22720.0,5570.0
21970.0,5580.0
24660.0,5590.0
23030.0,5600.0
31800.0,5610.0
26380.0,5620.0
21980.0,5630.0
12920.0,5640.0
27050.0,5650.0
17290.0,5660.0
13620.0,5670.0
38670.0,5680.0
15430.0,5690.0
26590.0,5700.0
26240.0,5710.0
18410.0,5720.0
15320.0,5730.0
16440.0,5740.0
23240.0,5750.0
28970.0,5760.0
20520.0,5770.0
23100.0,5780.0
14070.0,5790.0
29040.0,5800.0
17320.0,5810.0
24820.0,5820.0
17970.0,5830.0
23440.0,5840.0
25180.0,5850.0
27080.0,5860.0
13730.0,5870.0
27160.0,5880.0
22740.0,5890.0
21520.0,5900.0
14270.0,5910.0
28070.0,5920.0
20450.0,5930.0
39270.0,5940.0
18940.0,5950.0
17960.0,5960.0
25750.0,5970.0
27480.0,5980.0
28590.0,5990.0
37210.0,6000.0
20540.0,6010.0
16990.0,6020.0
27560.0,6030.0
14630.0,6040.0
15610.0,6050.0
20880.0,6060.0
23720.0,6070.0
24980.0,6080.0
19870.0,6090.0
24290.0,6100.0
20880.0,6110.0
32660.0,6120.0
20750.0,6130.0
17940.0,6140.0
27240.0,6150.0
28820.0,6160.0
12730.0,6170.0
21210.0,6180.0
24650.0,6190.0
22540.0,6200.0
28560.0,6210.0
23500.0,6220.0
18200.0,6230.0
20580.0,6240.0
28970.0,6250.0
27240.0,6260.0
44710.0,6270.0
22880.0,6280.0
25470.0,6290.0
18900.0,6300.0
20730.0,6310.0
21840.0,6320.0
29300.0,6330.0
20530.0,6340.0
13520.0,6350.0
28450.0,6360.0
25130.0,6370.0
24980.0,6380.0
15930.0,6390.0
8630.0,6400.0
29990.0,6410.0
33420.0,6420.0
25330.0,6430.0
25130.0,6440.0
22650.0,6450.0
20090.0,6460.0
23440.0,6470.0
21110.0,6480.0
23360.0,6490.0
24170.0,6500.0
28140.0,6510.0
24690.0,6520.0
23660.0,6530.0
29380.0,6540.0
22210.0,6550.0
20000.0,6560.0
22160.0,6570.0
19980.0,6580.0
30810.0,6590.0
29150.0,6600.0
17530.0,6610.0
18420.0,6620.0
26980.0,6630.0
32200.0,6640.0
18110.0,6650.0
25370.0,6660.0
32650.0,6670.0
24990.0,6680.0
41160.0,6690.0
41750.0,6700.0
22700.0,6710.0
23250.0,6720.0
29490.0,6730.0
31720.0,6740.0
22390.0,6750.0
26320.0,6760.0
16440.0,6770.0
25350.0,6780.0
40830.0,6790.0
18680.0,6800.0
24590.0,6810.0
28230.0,6820.0
28010.0,6830.0
35200.0,6840.0
28950.0,6850.0
23440.0,6860.0
29160.0,6870.0
27720.0,6880.0
37080.0,6890.0
31760.0,6900.0
27600.0,6910.0
28030.0,6920.0
20760.0,6930.0
28240.0,6940.0
19170.0,6950.0
37040.0,6960.0
18610.0,6970.0
41570.0,6980.0
42200.0,6990.0
38680.0,7000.0
40060.0,7010.0
32160.0,7020.0
17210.0,7030.0
25330.0,7040.0
22560.0,7050.0
15870.0,7060.0
27510.0,7070.0
21460.0,7080.0
36220.0,7090.0
29070.0,7100.0
24560.0,7110.0
19310.0,7120.0
26720.0,7130.0
22270.0,7140.0
23380.0,7150.0
12310.0,7160.0
19720.0,7170.0
21190.0,7180.0
21600.0,7190.0
23400.0,7200.0
29110.0,7210.0
25770.0,7220.0
23820.0,7230.0
32120.0,7240.0
24510.0,7250.0
19460.0,7260.0
25180.0,7270.0
27190.0,7280.0
28370.0,7290.0
21110.0,7300.0
30690.0,7310.0
39400.0,7320.0
14950.0,7330.0
21970.0,7340.0
28730.0,7350.0
23590.0,7360.0
19690.0,7370.0
30670.0,7380.0
25680.0,7390.0
24280.0,7400.0
19340.0,7410.0
21250.0,7420.0
26220.0,7430.0
13080.0,7440.0
25870.0,7450.0
26640.0,7460.0
23370.0,7470.0
20100.0,7480.0
23190.0,7490.0
18800.0,7500.0
23580.0,7510.0
24800.0,7520.0
22350.0,7530.0
13520.0,7540.0
30750.0,7550.0
20530.0,7560.0
40520.0,7570.0
27810.0,7580.0
18650.0,7590.0
33050.0,7600.0
25400.0,7610.0
27620.0,7620.0
10770.0,7630.0
24070.0,7640.0
33430.0,7650.0
18120.0,7660.0
27170.0,7670.0
26980.0,7680.0
27930.0,7690.0
20090.0,7700.0
17840.0,7710.0
29810.0,7720.0
35020.0,7730.0
27870.0,7740.0
27270.0,7750.0
34430.0,7760.0
18060.0,7770.0
34480.0,7780.0
25890.0,7790.0
32960.0,7800.0
33040.0,7810.0
21520.0,7820.0
22400.0,7830.0
29080.0,7840.0
25140.0,7850.0
31420.0,7860.0
31510.0,7870.0
29040.0,7880.0
26470.0,7890.0
35150.0,7900.0
30970.0,7910.0
23360.0,7920.0
27020.0,7930.0
35310.0,7940.0
39600.0,7950.0
25370.0,7960.0
28430.0,7970.0
25890.0,7980.0
31130.0,7990.0
17180.0,8000.0
15990.0,8010.0
34420.0,8020.0
28920.0,8030.0
29270.0,8040.0
20140.0,8050.0
30070.0,8060.0
20380.0,8070.0
32980.0,8080.0
23480.0,8090.0
30450.0,8100.0
24090.0,8110.0
34270.0,8120.0
25770.0,8130.0
36570.0,8140.0
22060.0,8150.0
23520.0,8160.0
20660.0,8170.0
26420.0,8180.0
31080.0,8190.0
28770.0,8200.0
15470.0,8210.0
35190.0,8220.0
27170.0,8230.0
27830.0,8240.0
27520.0,8250.0
16860.0,8260.0
25260.0,8270.0
22460.0,8280.0
24970.0,8290.0
30560.0,8300.0
19920.0,8310.0
17410.0,8320.0
21830.0,8330.0
21900.0,8340.0
36220.0,8350.0
25090.0,8360.0
22270.0,8370.0
19510.0,8380.0
17590.0,8390.0
26630.0,8400.0
35430.0,8410.0
23710.0,8420.0
24590.0,8430.0
25710.0,8440.0
31770.0,8450.0
30070.0,8460.0
32860.0,8470.0
21100.0,8480.0
12380.0,8490.0
24380.0,8500.0
22560.0,8510.0
29880.0,8520.0
26800.0,8530.0
29670.0,8540.0
20550.0,8550.0
26230.0,8560.0
23340.0,8570.0
19470.0,8580.0
21160.0,8590.0
33920.0,8600.0
19370.0,8610.0
22900.0,8620.0
19250.0,8630.0
22040.0,8640.0
23040.0,8650.0
24720.0,8660.0
35360.0,8670.0
34800.0,8680.0
29780.0,8690.0
24840.0,8700.0
20680.0,8710.0
31260.0,8720.0
15930.0,8730.0
33020.0,8740.0
21020.0,8750.0
32960.0,8760.0
24670.0,8770.0
35000.0,8780.0
32480.0,8790.0
24020.0,8800.0
22190.0,8810.0
28930.0,8820.0
25700.0,8830.0
25210.0,8840.0
35840.0,8850.0
22790.0,8860.0
26340.0,8870.0
26890.0,8880.0
23350.0,8890.0
30440.0,8900.0
36280.0,8910.0
28020.0,8920.0
30250.0,8930.0
33510.0,8940.0
27610.0,8950.0
28360.0,8960.0
29040.0,8970.0
34090.0,8980.0
24070.0,8990.0
27320.0,9000.0
29280.0,9010.0
28840.0,9020.0
25320.0,9030.0
16050.0,9040.0
39240.0,9050.0
22740.0,9060.0
10080.0,9070.0
24090.0,9080.0
21300.0,9090.0
28340.0,9100.0
28420.0,9110.0
30390.0,9120.0
21120.0,9130.0
31060.0,9140.0
29590.0,9150.0
28940.0,9160.0
21950.0,9170.0
28280.0,9180.0
30100.0,9190.0
34140.0,9200.0
21740.0,9210.0
27060.0,9220.0
19900.0,9230.0
29470.0,9240.0
23420.0,9250.0
13610.0,9260.0
18930.0,9270.0
15980.0,9280.0
21770.0,9290.0
17470.0,9300.0
24260.0,9310.0
27790.0,9320.0
21840.0,9330.0
21830.0,9340.0
20700.0,9350.0
23150.0,9360.0
29930.0,9370.0
14090.0,9380.0
19660.0,9390.0
27260.0,9400.0
28780.0,9410.0
26640.0,9420.0
31660.0,9430.0
41600.0,9440.0
34490.0,9450.0
35830.0,9460.0
31040.0,9470.0
29000.0,9480.0
16840.0,9490.0
28990.0,9500.0
21440.0,9510.0
34410.0,9520.0
21600.0,9530.0
33800.0,9540.0
18150.0,9550.0
30780.0,9560.0
24480.0,9570.0
34110.0,9580.0
23600.0,9590.0
32240.0,9600.0
26120.0,9610.0
17350.0,9620.0
22520.0,9630.0
22870.0,9640.0
25010.0,9650.0
29210.0,9660.0
30970.0,9670.0
36350.0,9680.0
20390.0,9690.0
30950.0,9700.0
32540.0,9710.0
27000.0,9720.0
38860.0,9730.0
27210.0,9740.0
24150.0,9750.0
29450.0,9760.0
28950.0,9770.0
25120.0,9780.0
23940.0,9790.0
29770.0,9800.0
40070.0,9810.0
33280.0,9820.0
23180.0,9830.0
26990.0,9840.0
24120.0,9850.0
37340.0,9860.0
18870.0,9870.0
25240.0,9880.0
29890.0,9890.0
20720.0,9900.0
44920.0,9910.0
36660.0,9920.0
26790.0,9930.0
22710.0,9940.0
22580.0,9950.0
32030.0,9960.0
25950.0,9970.0
27980.0,9980.0
29750.0,9990.0
