34685.0
32470.0
24290.0
30555.0
32025.0
33640.0
25145.0
18865.0
22290.0
21965.0
18370.0
24955.0
24205.0
27685.0
25625.0
23640.0
25075.0
34420.0
27960.0
13570.0
24620.0
39775.0
24115.0
26015.0
26020.0
25410.0
31640.0
25845.0
22005.0
29085.0
24865.0
30440.0
24850.0
21450.0
29580.0
21420.0
24740.0
23880.0
27550.0
24295.0
24795.0
25275.0
25145.0
32240.0
26405.0
23025.0
21045.0
15555.0
34215.0
31785.0
32920.0
27720.0
25870.0
29225.0
24250.0
23740.0
26860.0
22830.0
29075.0
27140.0
36800.0
20860.0
28130.0
20150.0
26865.0
31835.0
33365.0
24120.0
31395.0
31255.0
28485.0
28150.0
25850.0
23570.0
21880.0
22095.0
35070.0
24900.0
26920.0
27665.0
21220.0
30020.0
33635.0
33090.0
31210.0
17490.0
26935.0
29830.0
31790.0
20795.0
30980.0
23850.0
28505.0
26050.0
30230.0
28155.0
37985.0
18015.0
29875.0
21460.0
24850.0
33240.0
35360.0
33365.0
30550.0
22455.0
29335.0
23005.0
28435.0
37370.0
26995.0
20775.0
24980.0
23120.0
25670.0
28995.0
27710.0
27695.0
29760.0
33205.0
21560.0
34220.0
33495.0
24545.0
25730.0
29535.0
34725.0
27780.0
23960.0
29770.0
30115.0
34445.0
26005.0
23550.0
23820.0
24105.0
23690.0
28120.0
24125.0
20345.0
27115.0
23800.0
26525.0
22695.0
32900.0
29270.0
21520.0
23015.0
22135.0
36015.0
29705.0
32230.0
29910.0
30065.0
23420.0
26395.0
27255.0
20120.0
31495.0
23390.0
28565.0
21830.0
29515.0
28775.0
22455.0
24890.0
30355.0
37010.0
28215.0
22445.0
26495.0
29175.0
26145.0
27940.0
22965.0
39030.0
36550.0
23040.0
23040.0
36045.0
16320.0
19050.0
25880.0
30530.0
29955.0
35720.0
27295.0
31280.0
32090.0
32800.0
30495.0
26975.0
22585.0
24080.0
21660.0
25125.0
22460.0
29180.0
28290.0
24850.0
27845.0
29020.0
26585.0
30430.0
34460.0
30060.0
33510.0
29815.0
28835.0
30780.0
27885.0
29135.0
26520.0
32760.0
25705.0
25430.0
30950.0
34330.0
29405.0
23710.0
24770.0
33825.0
24620.0
24195.0
22135.0
19725.0
22360.0
32000.0
28615.0
26205.0
22085.0
31085.0
28085.0
32545.0
39105.0
22280.0
28805.0
38360.0
34225.0
21595.0
36095.0
24490.0
25320.0
29755.0
24530.0
17400.0
25815.0
20265.0
29550.0
35305.0
26045.0
31855.0
18990.0
30295.0
24990.0
21705.0
31470.0
25240.0
24745.0
23770.0
34685.0
22585.0
29560.0
28140.0
29160.0
33530.0
30305.0
22525.0
26190.0
26500.0
25625.0
32115.0
30510.0
22195.0
30970.0
29725.0
28185.0
22760.0
29250.0
29935.0
21050.0
30720.0
25780.0
25760.0
31895.0
25585.0
27140.0
27540.0
29740.0
28855.0
18495.0
28360.0
33415.0
25735.0
32605.0
22030.0
31875.0
32550.0
26350.0
27015.0
18100.0
34705.0
27785.0
29475.0
22860.0
26235.0
23015.0
25005.0
26590.0
30210.0
23565.0
18240.0
25885.0
33595.0
19675.0
23990.0
27465.0
23110.0
25220.0
37435.0
28815.0
26250.0
28930.0
24695.0
33020.0
37160.0
28220.0
22005.0
23655.0
25635.0
19885.0
22125.0
33530.0
16620.0
33120.0
27340.0
25950.0
27345.0
28110.0
25240.0
35840.0
24925.0
31010.0
31685.0
33205.0
27205.0
30260.0
18675.0
34200.0
35290.0
15320.0
29505.0
25970.0
31710.0
22920.0
33580.0
22890.0
24260.0
32560.0
26205.0
27420.0
29205.0
18225.0
37525.0
29940.0
26225.0
34960.0
28365.0
29170.0
31185.0
28055.0
28470.0
29980.0
26870.0
27175.0
26270.0
36070.0
23160.0
34335.0
31855.0
21350.0
27215.0
24985.0
20035.0
30995.0
35140.0
26310.0
19150.0
34935.0
24665.0
24485.0
32870.0
19980.0
22900.0
22495.0
28945.0
16500.0
29080.0
30245.0
35330.0
25990.0
23430.0
27455.0
25565.0
17940.0
23960.0
24830.0
30105.0
28035.0
20365.0
28730.0
22625.0
22215.0
32540.0
33610.0
28425.0
21040.0
33530.0
30780.0
25725.0
23055.0
22860.0
32975.0
28785.0
31100.0
23940.0
22145.0
25990.0
27815.0
30990.0
26300.0
31530.0
26055.0
33165.0
22250.0
25450.0
28675.0
24400.0
25245.0
28905.0
29125.0
34500.0
33030.0
24975.0
23685.0
22540.0
31400.0
32595.0
25695.0
25890.0
19510.0
27970.0
19305.0
25975.0
32150.0
27345.0
32625.0
29595.0
22785.0
21805.0
18885.0
26390.0
31480.0
21350.0
24150.0
23225.0
30955.0
26690.0
24755.0
29350.0
22895.0
22825.0
26690.0
23990.0
21820.0
18625.0
33235.0
30835.0
29650.0
33935.0
25490.0
32460.0
27565.0
26100.0
33235.0
22155.0
25330.0
38035.0
29055.0
34275.0
28235.0
27870.0
25035.0
28325.0
29875.0
28195.0
24680.0
34565.0
31965.0
22855.0
