8520.0
10525.0
8375.0
8780.0
9025.0
7315.0
8650.0
8940.0
7565.0
7415.0
10080.0
8880.0
9435.0
7715.0
9420.0
6705.0
9120.0
10030.0
5420.0
7655.0
6485.0
9635.0
8365.0
6805.0
9685.0
9650.0
8030.0
10745.0
6965.0
8865.0
8185.0
8485.0
6480.0
8655.0
6925.0
9815.0
7670.0
8350.0
13415.0
8810.0
7555.0
10335.0
10135.0
8405.0
9780.0
9685.0
7395.0
6665.0
9205.0
7565.0
8630.0
7940.0
10890.0
8685.0
8250.0
7575.0
7710.0
6675.0
7870.0
8735.0
8285.0
11120.0
9385.0
9040.0
8400.0
8840.0
8300.0
10130.0
13300.0
7360.0
7045.0
8120.0
8355.0
8555.0
7695.0
9690.0
6330.0
8665.0
5315.0
8670.0
7830.0
7790.0
8100.0
7720.0
9700.0
7240.0
9465.0
10340.0
8050.0
6315.0
7515.0
6800.0
6310.0
10355.0
8305.0
9370.0
7165.0
8065.0
8610.0
6785.0
10595.0
5115.0
7585.0
8630.0
7645.0
8615.0
8295.0
7390.0
5840.0
8235.0
9245.0
9680.0
8570.0
9595.0
12635.0
8530.0
7490.0
11190.0
8785.0
10375.0
13300.0
7805.0
8215.0
8140.0
9050.0
11595.0
9700.0
7555.0
8355.0
11125.0
8495.0
9020.0
8290.0
6680.0
11545.0
8105.0
4795.0
7760.0
7565.0
10460.0
9305.0
11010.0
8990.0
7785.0
7910.0
9655.0
8505.0
12065.0
11095.0
5600.0
8070.0
8695.0
7410.0
6655.0
7090.0
6855.0
9780.0
8655.0
11415.0
6880.0
10890.0
9520.0
7155.0
10195.0
6370.0
7300.0
7895.0
7915.0
9400.0
9050.0
7465.0
8305.0
8555.0
6765.0
7335.0
10375.0
9080.0
6645.0
10585.0
5345.0
7080.0
8050.0
6555.0
6835.0
8835.0
12320.0
8140.0
7395.0
5810.0
10105.0
9825.0
11245.0
6855.0
6045.0
7155.0
8600.0
8470.0
6555.0
7815.0
7895.0
8975.0
8700.0
5975.0
7435.0
8865.0
8355.0
9855.0
9785.0
7065.0
6205.0
7990.0
8775.0
9755.0
8545.0
10895.0
7670.0
13280.0
7720.0
7675.0
10025.0
9720.0
6640.0
6170.0
6960.0
10165.0
6530.0
7915.0
8270.0
10075.0
6915.0
7395.0
6860.0
7495.0
9235.0
7515.0
9575.0
9750.0
7040.0
8630.0
7530.0
5460.0
7290.0
6990.0
7740.0
7110.0
9635.0
8770.0
6215.0
8840.0
7395.0
11170.0
9140.0
7485.0
9125.0
9615.0
8760.0
8235.0
8730.0
10160.0
7795.0
14145.0
7580.0
9030.0
9350.0
5175.0
12090.0
8975.0
6015.0
5980.0
8070.0
7725.0
7310.0
8785.0
9555.0
8425.0
7555.0
9050.0
9575.0
8090.0
6860.0
8665.0
8320.0
7305.0
7750.0
8115.0
9990.0
8670.0
9360.0
10540.0
5200.0
11060.0
7035.0
8995.0
5535.0
9205.0
7570.0
7965.0
10115.0
12805.0
9940.0
9295.0
10450.0
9440.0
9535.0
8360.0
9870.0
7970.0
10125.0
9520.0
8245.0
9190.0
7360.0
6740.0
10480.0
5575.0
7485.0
7350.0
9170.0
7480.0
12055.0
8855.0
7700.0
8965.0
8880.0
9190.0
8680.0
9115.0
8290.0
6215.0
10535.0
9040.0
6600.0
7695.0
10160.0
7235.0
10075.0
6850.0
8685.0
8655.0
7735.0
9270.0
6870.0
11840.0
6955.0
5610.0
5965.0
7025.0
8425.0
12675.0
7550.0
7715.0
9590.0
9870.0
8150.0
9045.0
9580.0
9100.0
10670.0
9785.0
10300.0
8165.0
8615.0
10390.0
7835.0
6610.0
10835.0
5875.0
9000.0
7400.0
9380.0
8470.0
8365.0
8565.0
8335.0
11910.0
7905.0
6305.0
8790.0
8980.0
10600.0
7460.0
8440.0
7350.0
9765.0
7825.0
9475.0
9890.0
9075.0
11095.0
12640.0
8875.0
10100.0
8450.0
10370.0
12655.0
8320.0
8975.0
7210.0
9785.0
7385.0
12895.0
8850.0
10180.0
8495.0
7250.0
6645.0
6945.0
10230.0
4695.0
7115.0
8040.0
8165.0
9575.0
7360.0
11120.0
9735.0
9475.0
7265.0
11010.0
11465.0
7795.0
7850.0
7670.0
7845.0
8910.0
8450.0
8395.0
5740.0
11865.0
10560.0
9165.0
8060.0
6090.0
10420.0
7080.0
11790.0
6605.0
7070.0
9320.0
8010.0
6690.0
7370.0
7880.0
8015.0
10465.0
9580.0
11685.0
9555.0
11985.0
9190.0
7725.0
8975.0
9745.0
8160.0
5940.0
10570.0
7385.0
10130.0
10110.0
12945.0
5085.0
7970.0
5010.0
7010.0
11430.0
7640.0
9535.0
10355.0
7690.0
8300.0
10100.0
9240.0
6265.0
7135.0
9235.0
9690.0
6940.0
7025.0
7970.0
8300.0
9380.0
7830.0
11855.0
9005.0
8025.0
7960.0
10410.0
6150.0
7130.0
7830.0
8250.0
9025.0
9625.0
7370.0
6640.0
10590.0
6910.0
7740.0
9395.0
11185.0
