2500
-3000
-3000
-3000
-3000
-3000
-3000
1000
1000
1000
1000
900
900
900
900
900
900
900
800
800
500
-700
800
-100
900
900
900
900
800
800
800
-600
900
800
800
-600
-500
1000
900
900
900
900
800
800
800
500
300
400
800
400
800
500
-3000
1000
1000
1000
-1000
-1000
-1000
-1000
-1000
-1000
-1000
-1000
1000
1000
1000
0
500
1000
1000
1000
1000
1000
1000
900
900
900
900
800
500
-3000
1000
900
900
900
900
800
800
800
400
800
500
-3000
-3000
-3000
-3000
1000
1000
900
900
900
900
900
800
800
800
-100
800
800
800
800
500
-200
-100
900
900
800
800
-600
800
500
-3000
1000
900
-1000
-1000
-1000
-1000
-1000
-1000
-1000
-1000
-1000
-1000
-1000
-1000
-1000
-1000
-1000
-1000
-1000
-1000
-1000
-1000
1000
1000
1000
1000
1000
1000
1000
1000
1000
900
800
800
500
-200
800
500
300
800
500
300
500
-3000
1000
-1000
-1000
-1000
-1000
-1000
1000
900
800
500
-200
500
500
500
-1700
800
500
500
-3000
-3000
1000
-1500
1000
1000
-500
900
900
900
-1000
-1000
-1000
1000
1000
1000
1000
0
900
900
800
800
800
800
800
400
800
800
500
-3000
-3000
-3000
-3000
-3000
1000
1000
1000
1000
1000
900
900
900
900
800
800
500
-200
800
800
800
-600
800
800
800
400
900
900
900
0
900
900
800
800
800
500
-1200
800
500
300
500
300
800
500
500
500
-1200
800
800
-100
900
800
400
800
500
-3000
1000
1000
1000
1000
1000
1000
1000
0
-500
1000
-500
900
800
400
900
900
800
800
500
-3000
-3000
-3000
-3000
-3000
-3000
1000
1000
1000
1000
1000
1000
1000
1000
900
900
900
900
800
800
800
800
-100
900
900
900
900
800
500
300
500
-3000
-3000
-3000
-3000
-3000
1000
1000
0
900
900
500
1000
0
1000
900
900
900
900
900
800
800
800
800
-100
800
800
500
500
500
-200
400
900
900
900
900
900
900
900
900
900
800
800
-100
900
900
800
800
800
500
300
800
800
800
500
300
500
500
500
-700
500
-200
800
800
800
800
800
800
800
-100
800
500
500
300
500
-3000
-3000
-3000
1000
1000
1000
1000
900
800
800
800
800
800
500
-3000
-3000
-3000
-3000
1000
1000
1000
1000
500
900
800
500
-200
400
900
800
800
800
500
500
500
500
500
-700
400
900
900
800
800
800
500
300
500
500
500
-2200
400
500
1000
1000
900
900
800
800
500
-700
400
800
800
800
500
500
-700
500
-200
-1000
-1000
-1000
-1000
-1000
-1000
-1000
-1000
1000
1000
900
500
1000
1000
1000
500
1000
1000
900
900
800
400
900
900
900
900
900
900
800
800
800
800
800
400
900
900
900
900
800
400
800
400
800
800
500
-700
800
800
800
800
500
-3000
1000
1000
900
900
900
900
900
900
900
900
800
-2100
900
900
800
800
800
800
800
800
800
800
400
900
900
-1000
-1000
-1000
-1000
-1000
-1000
-1000
-1000
-1000
-1000
-1000
-1000
-1000
-1000
-1000
-1000
-1000
-1000
-1000
-1000
1000
900
800
400
900
800
500
-1000
-1000
-1000
1000
1000
900
900
900
900
800
500
300
500
500
500
300
-600
800
800
800
800
800
400
900
800
800
800
400
500
500
1000
900
900
900
900
800
800
800
-600
900
800
800
800
400
500
900
500
1000
1000
900
800
800
800
800
800
-1600
900
800
800
800
500
-700
800
800
400
900
900
-1000
-1000
-1000
-1000
-1000
-1000
-1000
-1000
-1000
-1000
-1000
-1000
-1000
-1000
-1000
-1000
-1000
-1000
-1000
-1000
-1000
-1000
-1000
-1000
1000
1000
1000
900
900
900
800
800
500
-3000
-3000
-3000
-3000
-3000
-3000
-3000
-3000
1000
0
1000
1000
1000
1000
1000
1000
1000
1000
1000
900
900
900
900
800
400
900
900
900
800
500
500
500
300
500
-1000
-1000
-1000
-1000
-1000
-1000
-1000
-1000
-1000
-1000
-1000
-1000
-1000
-1000
-1000
-1000
-1000
-1000
-1000
-1000
-1000
-1000
-1000
-1000
-1000
-1000
-1000
-1000
1000
900
900
500
1000
900
800
800
800
800
800
500
300
500
-1200
500
300
500
-700
800
400
900
800
800
800
800
500
500
-200
800
-600
800
800
500
500
500
500
500
300
-1600
900
900
-1000
-1000
-1000
1000
1000
1000
900
900
800
800
800
800
800
800
-600
800
500
-1200
800
800
800
800
800
500
-1000
-1000
-1000
-1000
-1000
-1000
-1000
-1000
-1000
-1000
-1000
-1000
-1000
-1000
-1000
-1000
1000
1000
900
-3000
900
800
-100
900
900
900
900
900
500
900
900
900
900
900
800
800
800
500
-3000
-3000
-3000
-3000
-3000
-3000
-3000
-3000
-3000
-3000
-3000
-3000
-3000
1000
1000
1000
900
800
-1000
-1000
-1000
-1000
-1000
-1000
-1000
-1000
-1000
1000
900
900
900
800
800
800
800
-100
900
800
500
-3000
-3000
-3000
-3000
-3000
-3000
-3000
1000
1000
1000
1000
900
900
800
500
-3000
-3000
-3000
-3000
-3000
-3000
-3000
-3000
-3000
1000
1000
1000
1000
900
800
-1000
-1000
-1000
-1000
-1000
-1000
-1000
-1000
-1000
-1000
-1000
-1000
-1000
-1000
-1000
-1000
-1000
-1000
-1000
-1000
-1000
-1000
-1000
-1000
-1000
-1000
-1000
-1000
1000
1000
1000
1000
1000
900
900
900
900
900
900
900
800
-600
900
500
1000
1000
1000
1000
1000
1000
900
800
800
-2600
900
800
500
-3000
-3000
-3000
-3000
1000
900
900
800
500
-3000
-3000
-3000
1000
900
800
500
-3000
-3000
-3000
-3000
-3000
1000
1000
1000
900
800
800
400
900
900
900
900
900
900
900
500
1000
1000
1000
1000
1000
