18400
-3000
1000
900
800
500
300
500
500
-200
800
800
400
-1000
900
900
800
500
-700
800
500
500
300
800
500
-200
-2100
900
900
800
500
300
500
500
300
400
900
900
900
800
500
300
800
800
800
800
800
500
-700
500
-3000
-3000
1000
1000
1000
-2000
1000
1000
1000
1000
1000
1000
1000
1000
1000
1000
1000
1000
1000
1000
500
1000
1000
1000
900
800
500
500
500
-1700
500
300
400
900
900
900
500
1000
1000
1000
900
900
900
900
800
500
-700
800
-1600
800
500
300
500
-200
500
-3000
-3000
-3000
-3000
-3000
1000
900
800
800
500
-200
800
800
500
500
-3000
-3000
-3000
-3000
-3000
-3000
-3000
1000
900
900
900
900
900
900
900
0
1000
900
900
900
900
900
900
900
800
500
-3000
1000
900
800
800
800
400
800
800
500
300
800
800
800
500
-200
400
900
800
500
-3000
-3000
-3000
-3000
1000
900
800
500
-200
800
-100
800
800
800
-100
800
-600
800
800
800
800
500
300
800
800
800
500
500
300
800
800
500
-200
800
400
800
800
800
500
300
800
500
-2200
400
900
0
1000
1000
900
900
900
500
900
900
800
500
300
800
-600
800
800
800
800
800
400
800
800
-100
900
900
500
1000
1000
900
900
900
800
-3600
900
800
800
500
500
-1000
-1000
-1000
-1000
-1000
-1000
-1000
1000
1000
900
900
500
1000
1000
-500
1000
900
900
500
1000
900
900
900
900
800
800
400
900
900
800
800
500
-3000
-3000
-3000
-3000
-3000
-3000
-3000
1000
900
900
800
800
800
500
500
-200
500
-3000
1000
1000
900
900
900
800
800
800
500
300
800
800
800
800
800
400
900
800
-2600
900
800
800
400
500
900
900
800
800
500
500
500
500
300
800
800
400
900
800
500
-3000
-3000
1000
1000
1000
1000
0
1000
1000
900
900
900
800
500
-200
800
400
800
800
500
500
-3000
-3000
-3000
-3000
-3000
-3000
-3000
-3000
1000
0
900
500
1000
-500
1000
900
-500
1000
1000
1000
0
1000
1000
1000
900
900
800
500
-700
-100
900
800
800
800
500
500
-2700
500
300
800
500
500
500
-200
800
400
900
800
800
800
400
800
800
800
400
-1000
-1000
-1000
-1000
-1000
-1000
-1000
-1000
-1000
-1000
-1000
-1000
-1000
-1000
-1000
-1000
-1000
-1000
-1000
1000
1000
1000
900
800
500
-2700
800
500
300
800
800
800
800
400
0
1000
1000
900
900
900
900
800
800
800
400
900
900
900
900
0
1000
1000
1000
1000
1000
0
900
800
800
500
-200
500
300
800
800
500
500
-1700
800
800
800
800
-2600
-1000
1000
0
1000
900
800
400
900
800
800
800
-100
0
900
900
500
-1000
-1000
-1000
-1000
-1000
-1000
-1000
-1000
-1000
-1000
-1000
-1000
1000
1000
900
800
800
400
800
500
-200
800
800
800
800
500
500
-1700
800
800
800
800
800
800
500
-200
400
900
900
900
900
900
900
900
900
800
-1000
1000
1000
1000
1000
1000
900
900
900
800
800
500
-1200
500
500
500
-200
800
500
300
800
800
500
-3200
800
800
500
300
500
-200
800
800
800
500
-200
500
-700
800
500
500
-200
800
800
800
800
800
400
800
500
300
800
800
800
500
300
400
900
900
800
800
800
-100
900
900
800
500
-1200
800
800
800
500
-1200
800
800
-600
800
800
800
500
500
300
800
800
-100
900
900
900
900
900
900
800
800
400
800
500
500
-2200
800
800
400
900
800
800
800
800
800
800
500
-700
800
500
-700
-1000
-1000
-1000
-1000
-1000
-1000
-1000
-1000
-1000
1000
500
1000
1000
1000
1000
1000
500
0
1000
900
900
900
0
900
500
900
900
900
800
-100
800
500
-1000
-1000
-1000
-1000
-1000
-1000
-1000
1000
900
800
800
800
800
800
500
300
-600
900
500
1000
1000
1000
1000
1000
1000
1000
1000
1000
900
900
800
800
800
800
500
300
800
500
300
400
800
400
900
900
900
900
900
900
800
800
800
800
800
500
300
800
500
-3000
-3000
-3000
-3000
-3000
-3000
-3000
1000
900
900
900
900
900
900
900
800
500
500
300
800
800
800
500
500
500
300
500
500
-1200
800
800
800
800
800
800
800
400
800
-100
900
-1000
1000
1000
1000
900
900
900
900
900
-2000
1000
900
900
-1000
-1000
1000
900
800
-2100
0
1000
1000
1000
0
900
800
500
300
400
900
800
800
500
500
500
300
800
800
800
800
500
500
-3000
-3000
-3000
1000
900
800
500
-1200
500
-1700
800
800
-2100
800
500
500
-3000
-3000
-3000
1000
500
900
900
900
800
800
800
800
500
500
500
-3000
-3000
-3000
-3000
-3000
1000
1000
1000
1000
1000
900
900
900
900
900
900
500
1000
900
900
900
900
900
0
900
900
0
1000
1000
900
900
900
900
800
500
300
400
500
900
900
900
500
900
800
800
800
500
-1000
-1000
-1000
-1000
-1000
-1000
-1000
-1000
-1000
-1000
-1000
-1000
-1000
-1000
-1000
-1000
-1000
-1000
-1000
-1000
-1000
-1000
-1000
1000
1000
1000
1000
1000
1000
1000
900
900
900
800
800
800
500
-200
800
800
500
-200
500
300
-600
900
500
900
800
500
500
-700
800
500
300
800
800
800
800
-1000
-1000
-1000
-1000
1000
1000
900
900
800
400
800
-1100
900
0
900
800
800
800
800
800
800
800
800
800
800
800
-1000
-1000
-1000
-1000
-1000
