11965.0
11695.0
9250.0
13765.0
10970.0
11390.0
13280.0
7845.0
16485.0
9550.0
11730.0
11725.0
15185.0
10430.0
9750.0
12175.0
11950.0
10445.0
10870.0
14655.0
9495.0
14560.0
12650.0
12855.0
14690.0
5965.0
12305.0
7890.0
13485.0
12705.0
7285.0
11575.0
8850.0
12550.0
10645.0
15370.0
10695.0
12810.0
10145.0
11965.0
15830.0
8760.0
10880.0
13035.0
14695.0
12105.0
10705.0
15155.0
10715.0
9920.0
12635.0
14965.0
11705.0
11015.0
12605.0
12900.0
12335.0
15980.0
11245.0
14440.0
11485.0
11590.0
10065.0
10045.0
9005.0
10070.0
13675.0
13215.0
11340.0
10040.0
10635.0
11400.0
12855.0
12810.0
9730.0
14630.0
10460.0
11065.0
13955.0
10830.0
10305.0
14895.0
11345.0
16120.0
14375.0
11800.0
11360.0
13970.0
11435.0
14980.0
8155.0
11515.0
10595.0
17720.0
8560.0
10330.0
16635.0
13205.0
11480.0
14230.0
18185.0
8300.0
11320.0
15200.0
14080.0
13320.0
10005.0
14900.0
9945.0
11255.0
7435.0
11460.0
10320.0
11365.0
15090.0
13175.0
13255.0
12395.0
11020.0
13295.0
12780.0
14255.0
10395.0
15000.0
18020.0
14175.0
9995.0
10035.0
13555.0
19160.0
8570.0
12525.0
12110.0
9305.0
11930.0
9610.0
10400.0
12235.0
12155.0
10170.0
10215.0
14960.0
15495.0
15530.0
13460.0
10435.0
15245.0
9905.0
14410.0
10020.0
7450.0
12490.0
12105.0
17175.0
14315.0
11760.0
12115.0
11150.0
10755.0
14050.0
11515.0
8885.0
14605.0
13110.0
9420.0
12300.0
8750.0
11120.0
11455.0
13105.0
12090.0
16040.0
9200.0
13460.0
13570.0
12960.0
9960.0
12385.0
10285.0
16070.0
17020.0
10915.0
14660.0
15130.0
9710.0
11685.0
10250.0
11170.0
10545.0
13070.0
16685.0
13710.0
9995.0
15100.0
10875.0
13940.0
9950.0
10890.0
14320.0
13795.0
13345.0
8920.0
13140.0
7965.0
11160.0
13730.0
12755.0
7720.0
8535.0
10960.0
10135.0
14965.0
11505.0
9375.0
9680.0
14905.0
10625.0
12130.0
11535.0
16525.0
12985.0
14505.0
12555.0
10010.0
13110.0
9660.0
13900.0
9950.0
9235.0
13490.0
13750.0
9310.0
12765.0
10030.0
11485.0
10065.0
10695.0
11540.0
10890.0
12420.0
13460.0
13560.0
10780.0
11325.0
11355.0
12395.0
12295.0
13720.0
12370.0
14565.0
11075.0
13350.0
15620.0
9510.0
8095.0
12315.0
9145.0
8765.0
9565.0
9715.0
13725.0
13855.0
10600.0
11055.0
13320.0
10415.0
8775.0
12420.0
17270.0
14330.0
13495.0
10525.0
8395.0
14265.0
12330.0
11305.0
14605.0
11020.0
10045.0
10195.0
9790.0
13350.0
13055.0
9860.0
10080.0
17270.0
10785.0
12035.0
11235.0
9865.0
16545.0
9860.0
13670.0
8900.0
15045.0
12845.0
14820.0
7515.0
11825.0
15280.0
16155.0
8560.0
15555.0
9465.0
10005.0
12050.0
12610.0
13605.0
11725.0
12765.0
10765.0
10325.0
10690.0
9555.0
9265.0
6630.0
17330.0
9665.0
12700.0
7580.0
13610.0
8635.0
15500.0
10970.0
11750.0
9440.0
11280.0
7625.0
11825.0
11060.0
14915.0
12060.0
10045.0
10750.0
8350.0
11675.0
10250.0
10230.0
11010.0
14080.0
7735.0
10610.0
12035.0
9205.0
7805.0
16715.0
12485.0
12555.0
10435.0
11540.0
14675.0
14865.0
11440.0
10120.0
9660.0
7295.0
11955.0
11690.0
9700.0
11225.0
10900.0
11035.0
13620.0
12045.0
10160.0
12910.0
13195.0
9170.0
10945.0
11145.0
9250.0
9870.0
9405.0
13055.0
13150.0
12555.0
11925.0
8295.0
15495.0
9660.0
7415.0
13525.0
12500.0
13220.0
16325.0
8820.0
13550.0
11955.0
14675.0
8935.0
8345.0
9150.0
15390.0
12530.0
8405.0
13930.0
7060.0
10640.0
10025.0
11865.0
11640.0
10115.0
10085.0
16165.0
7115.0
10515.0
10655.0
17110.0
11635.0
10775.0
11220.0
12855.0
8265.0
10175.0
7985.0
10945.0
12415.0
12085.0
13030.0
12505.0
9145.0
12060.0
10685.0
11765.0
9420.0
8840.0
10780.0
11635.0
15130.0
19770.0
11265.0
10835.0
12810.0
13200.0
11355.0
14370.0
12985.0
10370.0
13660.0
10270.0
12185.0
12880.0
10880.0
10780.0
12300.0
9860.0
12895.0
8620.0
8780.0
13870.0
13930.0
8775.0
9990.0
10265.0
15045.0
13855.0
11345.0
19355.0
14820.0
13325.0
16080.0
12480.0
13160.0
6855.0
14000.0
12875.0
10920.0
9780.0
10225.0
9595.0
10335.0
15290.0
15470.0
9010.0
11685.0
10505.0
14495.0
11800.0
10855.0
14515.0
11735.0
11940.0
8500.0
9150.0
8205.0
13290.0
10520.0
16555.0
14185.0
11690.0
9435.0
9945.0
14445.0
12440.0
10170.0
11640.0
10695.0
11290.0
12670.0
11950.0
