3100
1000
1000
1000
1000
1000
500
900
500
900
-500
500
1000
1000
1000
900
900
0
500
900
0
1000
900
800
500
300
500
-200
800
400
900
500
900
-1000
500
900
-500
900
-500
-500
500
1000
1000
900
800
-100
0
500
-1500
900
-1000
1000
1000
1000
900
0
-500
500
-1500
1000
900
900
900
900
900
800
800
500
300
800
500
-2200
400
900
900
900
0
1000
1000
1000
0
900
-500
1000
900
500
1000
1000
1000
500
1000
900
900
900
800
400
800
400
800
-1100
900
900
800
-100
500
900
800
-100
900
900
800
800
-100
900
500
500
1000
1000
900
900
500
1000
0
1000
-1500
1000
900
900
500
1000
1000
1000
1000
500
500
1000
1000
-500
900
900
800
500
300
800
-2600
800
400
900
900
900
500
900
500
1000
1000
1000
1000
1000
1000
500
1000
1000
500
0
1000
0
900
900
900
800
500
300
800
400
900
900
900
800
500
300
400
900
900
900
800
-100
800
500
-3000
-3000
-3000
-3000
-3000
-3000
-3000
-3000
-3000
-3000
-3000
-3000
-3000
-3000
-3000
-3000
-3000
-3000
-3000
-3000
-3000
1000
-3000
500
500
-500
900
-2000
1000
900
900
0
1000
0
0
900
0
900
900
800
-100
900
500
-500
0
-1500
-500
1000
900
900
800
800
800
400
900
800
400
500
-500
900
500
1000
1000
900
800
-100
900
800
800
-1000
-1000
-1000
-1000
-1000
-1000
-1000
-1000
1000
900
800
800
-100
900
900
800
500
-3000
1000
0
500
500
1000
900
800
-600
900
900
900
900
-1000
1000
1000
500
900
900
900
500
1000
1000
0
500
500
0
1000
900
900
900
900
900
0
900
900
900
900
900
800
500
-1200
800
500
300
800
500
300
400
500
1000
1000
1000
1000
1000
900
500
900
900
800
500
-1200
500
-200
800
-600
900
900
900
900
800
-600
800
500
500
500
-3000
-3000
-3000
-3000
-3000
1000
1000
1000
0
1000
1000
1000
1000
1000
500
0
1000
1000
900
900
800
400
900
800
-100
800
400
0
1000
500
900
800
-1100
900
800
800
500
500
-200
500
-2200
400
900
800
500
500
-200
800
500
500
300
800
800
800
800
-100
900
900
900
0
1000
1000
1000
-1000
1000
500
500
1000
500
900
900
-500
1000
500
1000
900
800
800
800
500
-1200
-100
800
800
800
400
800
800
-600
800
400
500
-500
1000
1000
900
900
900
900
900
800
800
800
500
500
300
800
800
500
500
-2200
500
-3000
-3000
-3000
-3000
-3000
-3000
1000
900
900
500
1000
1000
1000
1000
1000
1000
1000
1000
1000
1000
900
900
-1000
1000
1000
1000
1000
900
500
1000
-1500
0
1000
1000
500
1000
900
900
900
800
500
300
400
900
500
1000
1000
900
900
900
800
800
800
400
800
800
-600
-500
1000
900
800
800
500
500
300
500
-200
400
900
800
400
800
-100
500
1000
1000
900
-1500
1000
900
900
900
800
-600
500
500
1000
900
900
0
1000
900
900
500
1000
1000
1000
900
800
800
800
400
0
1000
1000
1000
1000
1000
1000
1000
1000
1000
1000
500
500
900
900
800
800
800
800
-1100
800
-600
900
800
800
400
800
800
-100
900
900
900
800
800
400
800
-100
800
800
800
-1100
900
900
900
0
1000
1000
1000
1000
1000
1000
1000
-1000
-1000
-1000
1000
1000
900
0
900
900
-1500
1000
900
900
900
900
900
900
800
800
800
800
400
0
1000
1000
900
900
900
-500
0
1000
1000
1000
500
900
900
900
900
-1000
-1000
-1000
-1000
-1000
-1000
-1000
-1000
-1000
-1000
-1000
-1000
-1000
-1000
-1000
-1000
-1000
-1000
-1000
-1000
-1000
-1000
-1000
-1000
-1000
-1000
1000
-1000
1000
500
1000
500
1000
900
900
500
1000
900
900
500
500
500
500
500
900
900
500
1000
0
1000
1000
900
-2000
500
500
1000
1000
1000
1000
900
500
900
0
900
-1500
1000
1000
1000
1000
-500
1000
1000
1000
-1000
-1000
-1000
-1000
-1000
-1000
-1000
-1000
1000
1000
1000
900
500
900
900
900
900
500
900
500
900
-1000
900
900
900
900
900
-500
1000
-500
1000
1000
1000
1000
1000
900
500
0
1000
1000
500
1000
1000
1000
500
900
500
-2000
900
-500
1000
1000
900
900
800
800
500
-1200
400
500
1000
1000
1000
900
900
500
500
1000
500
1000
900
900
-1000
900
-2500
1000
1000
900
-2500
1000
1000
900
900
900
900
500
1000
1000
1000
1000
1000
900
800
800
800
800
400
800
800
800
400
900
900
900
800
800
500
300
400
900
500
1000
1000
1000
1000
1000
1000
1000
500
1000
1000
1000
900
900
-1000
0
1000
1000
500
1000
1000
1000
-1000
1000
1000
900
900
800
500
-3000
-3000
-3000
-3000
-3000
-3000
-3000
-3000
-3000
-3000
-3000
-3000
-3000
-3000
-3000
-3000
-3000
-3000
-3000
-3000
-3000
-3000
1000
900
900
0
0
1000
1000
900
900
0
0
1000
1000
900
800
400
800
800
800
800
-100
-1000
-1000
-1000
-1000
1000
0
1000
-500
1000
1000
1000
500
500
-500
1000
900
800
800
800
800
800
-600
500
900
800
-1100
800
800
800
500
-3000
-3000
-3000
-3000
-3000
-3000
1000
1000
900
0
900
-1000
900
800
-100
800
800
500
-700
500
-200
800
800
800
500
-200
500
300
-1000
1000
-2000
1000
500
-500
900
-3000
900
900
800
-100
500
1000
1000
500
1000
1000
900
800
400
900
-1000
1000
1000
500
900
800
400
800
500
300
500
