32400
-3000
1000
1000
900
900
500
1000
1000
900
900
800
800
800
800
400
800
800
800
500
500
-700
800
500
500
500
300
800
500
-3000
-3000
-3000
-3000
1000
900
800
800
800
800
500
300
500
-200
500
500
300
500
300
800
400
900
900
900
800
800
500
-700
800
800
800
800
800
800
800
400
900
900
500
1000
1000
1000
1000
1000
1000
900
900
900
900
800
800
500
500
500
300
500
-700
800
800
-1000
-1000
-1000
-1000
-1000
-1000
-1000
-1000
-1000
-1000
-1000
-1000
-1000
-1000
-1000
-1000
-1000
-1000
-1000
-1000
-1000
-1000
-1000
-1000
-1000
-1000
-1000
-1000
-1000
1000
900
800
800
500
300
800
500
-3000
-3000
-3000
-3000
-3000
-3000
1000
1000
1000
1000
1000
1000
900
900
900
0
1000
1000
0
1000
1000
900
900
900
500
1000
1000
1000
1000
900
900
900
800
500
-3000
1000
1000
900
800
800
800
800
800
800
800
500
300
800
800
800
800
800
800
400
900
900
900
800
-1100
900
900
900
900
900
900
800
800
500
500
300
500
-700
800
800
500
300
500
-3000
1000
1000
1000
900
900
800
500
-3000
-3000
-3000
1000
1000
1000
1000
900
800
800
800
800
500
-200
-100
900
900
-1000
1000
1000
900
800
-600
800
500
500
500
300
800
800
500
-200
800
500
-200
-1000
-1000
-1000
-1000
-1000
-1000
-1000
-1000
-1000
-1000
-1000
-1000
-1000
-1000
-1000
-1000
-1000
-1000
-1000
-1000
-1000
-1000
-1000
-1000
1000
1000
1000
900
900
800
-1100
900
500
900
900
900
900
800
800
800
800
800
500
300
800
500
-200
800
500
500
-3000
-3000
-3000
-3000
-3000
-3000
-3000
-3000
-3000
-3000
-3000
1000
1000
900
900
900
500
1000
1000
1000
1000
1000
1000
1000
900
800
-600
-500
1000
500
900
900
900
900
900
900
800
500
-200
500
500
-200
800
800
800
500
300
800
800
500
500
500
-1000
-1000
-1000
-1000
-1000
-1000
-1000
-1000
-1000
-1000
-1000
-1000
1000
900
900
900
800
500
300
500
500
-700
800
800
500
300
-100
900
900
800
800
800
800
500
300
800
500
-200
800
800
500
500
-1200
800
800
800
800
800
500
-3000
1000
-500
1000
900
800
500
500
500
500
-3000
-3000
-3000
-3000
1000
1000
1000
1000
900
800
500
-3000
-3000
-3000
-3000
-3000
1000
1000
900
900
500
1000
900
800
800
800
800
800
500
500
-700
800
400
0
500
0
900
900
900
900
900
800
500
500
-1700
500
-700
-1100
900
900
800
-100
800
800
800
400
900
900
-1000
-1000
-1000
-1000
-1000
-1000
-1000
-1000
-1000
-1000
-1000
-1000
-1000
-1000
-1000
-1000
-1000
-1000
-1000
-1000
-1000
-1000
-1000
-1000
-1000
-1000
-1000
-1000
-1000
-1000
-1000
-1000
-1000
-1000
-1000
-1000
-1000
1000
900
900
900
800
800
800
800
800
500
500
-1200
800
500
-3000
1000
900
900
800
800
500
-3000
-3000
-3000
1000
1000
1000
500
1000
1000
0
1000
1000
1000
1000
1000
900
800
800
800
800
800
800
800
500
500
500
-3000
-3000
-3000
-3000
-3000
-3000
1000
1000
900
900
800
800
800
800
800
800
500
300
800
500
500
300
800
800
800
800
800
500
500
-700
800
800
400
800
400
900
900
900
800
800
400
900
-1000
-1000
-1000
1000
900
800
-1000
-1000
-1000
-1000
-1000
1000
900
800
500
-3000
-3000
-3000
-3000
-3000
1000
900
900
900
900
900
900
900
900
900
800
500
300
800
800
-1000
-1000
-1000
-1000
-1000
-1000
-1000
-1000
-1000
-1000
-1000
-1000
-1000
-1000
-1000
-1000
1000
1000
1000
1000
1000
500
1000
900
0
0
1000
1000
900
900
900
900
800
800
500
500
500
300
800
500
500
300
-600
900
800
800
500
300
800
800
800
800
500
500
-3000
1000
1000
1000
1000
900
800
500
-3000
-3000
-3000
-3000
-3000
-3000
1000
1000
1000
900
800
800
800
800
800
800
800
400
800
800
800
500
-2700
800
800
500
500
500
300
800
500
500
-1200
400
800
500
500
-200
800
800
500
300
800
500
500
-200
800
800
800
800
800
800
800
500
300
400
0
1000
1000
1000
-1000
1000
-500
1000
1000
1000
900
900
900
900
500
-500
1000
900
800
800
500
500
500
500
-3000
1000
1000
1000
500
900
500
1000
1000
1000
1000
1000
1000
1000
1000
1000
1000
1000
1000
0
1000
900
900
900
900
800
800
400
900
800
800
800
800
500
500
-3000
-3000
-3000
-3000
-3000
-3000
-3000
1000
900
800
500
300
800
800
800
800
500
300
500
-1200
400
800
800
800
800
500
500
300
800
500
500
-200
800
800
800
500
300
-600
800
500
300
800
800
800
800
500
-3000
1000
900
900
-1000
1000
1000
900
0
1000
1000
500
1000
1000
900
800
800
500
500
-2200
800
800
-600
900
900
900
900
800
800
500
500
500
-200
800
800
800
500
500
500
300
800
800
800
800
-100
900
900
900
800
800
800
800
800
-100
900
900
900
900
800
800
500
300
-1600
900
800
500
-3000
1000
1000
1000
900
900
900
900
900
900
500
900
800
800
800
500
-200
500
300
800
400
900
900
900
800
800
800
500
-200
500
-3000
1000
1000
1000
1000
1000
1000
1000
900
900
800
800
800
800
800
800
-4100
800
400
500
1000
1000
1000
1000
1000
900
900
0
1000
1000
900
900
800
800
800
800
400
900
800
500
500
-200
-600
900
900
900
900
800
500
500
-3000
-3000
-3000
-3000
-3000
1000
