10275.0
13380.0
9645.0
9110.0
8090.0
8160.0
10160.0
10900.0
8645.0
5975.0
10720.0
7720.0
7420.0
8025.0
11775.0
7005.0
7325.0
8185.0
10960.0
9425.0
6820.0
8765.0
12010.0
6145.0
8150.0
10200.0
8180.0
9985.0
6635.0
8460.0
11465.0
8705.0
8915.0
9205.0
9685.0
7335.0
6550.0
7685.0
8175.0
8405.0
9385.0
7230.0
7325.0
5955.0
5340.0
8190.0
7405.0
9215.0
10385.0
4470.0
8010.0
6615.0
5970.0
10630.0
9535.0
8285.0
7050.0
6735.0
9335.0
10530.0
8430.0
5975.0
8660.0
12620.0
6820.0
8415.0
10300.0
7540.0
6580.0
9875.0
8285.0
5240.0
8595.0
12655.0
7760.0
8790.0
6965.0
10080.0
6065.0
8950.0
8420.0
7895.0
8860.0
8020.0
9630.0
7005.0
6685.0
7005.0
8510.0
6985.0
8275.0
9095.0
8385.0
6155.0
5145.0
8610.0
8045.0
7690.0
6610.0
6405.0
9065.0
8600.0
9825.0
6275.0
6585.0
6470.0
6105.0
5660.0
10690.0
8970.0
6755.0
6000.0
7960.0
6925.0
9765.0
7420.0
10085.0
9380.0
9635.0
6520.0
5525.0
9995.0
8500.0
6370.0
6705.0
9765.0
7235.0
9880.0
10565.0
8780.0
8025.0
6670.0
7245.0
8280.0
9510.0
8350.0
7930.0
11100.0
8755.0
7150.0
6905.0
9140.0
8110.0
7110.0
12105.0
6045.0
7595.0
7330.0
6160.0
7005.0
8850.0
5365.0
7965.0
7800.0
8080.0
9940.0
10115.0
7695.0
8460.0
10475.0
9480.0
7490.0
5625.0
6335.0
8745.0
6570.0
7535.0
8630.0
7215.0
10150.0
8365.0
7935.0
6230.0
9360.0
8780.0
7645.0
9120.0
8815.0
6290.0
13975.0
6815.0
10815.0
8500.0
8330.0
7440.0
7245.0
6355.0
5415.0
8410.0
7275.0
8900.0
12555.0
8930.0
12545.0
10515.0
7015.0
8985.0
6890.0
8010.0
8595.0
6705.0
8240.0
7895.0
8680.0
8610.0
6110.0
9130.0
6935.0
6370.0
6510.0
8280.0
9210.0
7290.0
9590.0
8395.0
8095.0
7770.0
8290.0
9960.0
11010.0
7135.0
8730.0
7555.0
8135.0
6400.0
7695.0
10490.0
11225.0
5630.0
8995.0
7105.0
5670.0
6665.0
5245.0
8605.0
6780.0
8535.0
10070.0
9465.0
7080.0
9730.0
9255.0
8610.0
7945.0
5655.0
7190.0
11955.0
7975.0
8300.0
8630.0
6840.0
9700.0
9480.0
8390.0
7620.0
8760.0
6990.0
6775.0
13095.0
8970.0
10875.0
7610.0
10680.0
9930.0
4730.0
6790.0
8575.0
9385.0
6460.0
7275.0
8415.0
9440.0
9695.0
7615.0
7290.0
8130.0
6835.0
6120.0
10255.0
9620.0
6980.0
10490.0
8175.0
8070.0
7675.0
8485.0
7030.0
7880.0
6870.0
7755.0
9170.0
5450.0
9910.0
9655.0
7920.0
10180.0
9005.0
9340.0
7030.0
10405.0
7555.0
7995.0
10740.0
7720.0
6810.0
9380.0
7510.0
12580.0
7105.0
10190.0
9310.0
8300.0
9230.0
7550.0
10070.0
7540.0
12005.0
9930.0
7275.0
10310.0
8365.0
7055.0
9080.0
8715.0
7165.0
12935.0
8180.0
8095.0
9060.0
8680.0
7020.0
7690.0
7205.0
9645.0
8600.0
8495.0
8540.0
7845.0
7940.0
6665.0
8480.0
7805.0
10575.0
8915.0
8130.0
9885.0
7610.0
8780.0
9235.0
7855.0
10550.0
9285.0
7645.0
8410.0
8160.0
7350.0
10925.0
6195.0
8975.0
6340.0
10505.0
7720.0
11140.0
6725.0
8615.0
7275.0
5160.0
5755.0
9780.0
8575.0
9085.0
10565.0
8095.0
8620.0
7845.0
8835.0
10370.0
8785.0
7555.0
7725.0
8670.0
7480.0
6785.0
7510.0
7405.0
7810.0
8395.0
11595.0
7305.0
8715.0
7080.0
8320.0
8030.0
6710.0
9485.0
7555.0
8925.0
7685.0
8535.0
8060.0
8665.0
9325.0
8005.0
8420.0
6630.0
7545.0
6540.0
9050.0
5690.0
9120.0
5765.0
9485.0
8725.0
5845.0
7195.0
6650.0
6350.0
9755.0
4990.0
7535.0
7020.0
8750.0
7620.0
7465.0
10135.0
8440.0
9380.0
8230.0
7950.0
6055.0
8965.0
9090.0
8570.0
8340.0
7905.0
8610.0
7095.0
10860.0
6835.0
9355.0
8560.0
6845.0
7835.0
8760.0
7820.0
8460.0
7575.0
6410.0
8650.0
8820.0
6300.0
11125.0
10600.0
9200.0
7445.0
8180.0
9985.0
8765.0
9820.0
9255.0
7865.0
8220.0
8275.0
6900.0
10610.0
7610.0
6570.0
7735.0
5705.0
9990.0
9825.0
7510.0
9385.0
7645.0
8230.0
11995.0
7140.0
9360.0
9810.0
7395.0
8255.0
6430.0
5915.0
8685.0
6775.0
8245.0
8535.0
7325.0
7900.0
7450.0
7780.0
6890.0
4905.0
8325.0
10875.0
7535.0
8705.0
7770.0
7060.0
10375.0
