18500
-3000
1000
1000
1000
900
800
-1100
900
900
900
900
800
800
400
900
500
900
900
900
900
900
900
800
800
800
800
500
300
-100
900
0
1000
900
900
800
800
800
500
300
800
400
500
900
800
-100
800
800
800
800
800
400
900
900
900
800
400
900
900
800
800
800
800
800
500
300
500
300
800
800
800
500
300
800
500
500
500
-3000
1000
900
500
900
-500
1000
1000
1000
1000
1000
1000
1000
1000
1000
1000
1000
1000
1000
1000
900
800
800
800
500
-1200
800
800
500
500
300
400
900
800
800
500
500
-700
800
800
800
500
-700
-100
800
800
800
500
500
500
500
-1000
-1000
1000
900
-2000
1000
900
900
800
500
300
500
-3000
-3000
-3000
-3000
-3000
-3000
-3000
-3000
-3000
1000
900
900
900
900
900
-1000
-1000
-1000
-1000
-1000
-1000
-1000
-1000
-1000
-1000
1000
900
900
800
800
800
-600
800
400
900
900
900
900
500
1000
1000
1000
1000
900
900
900
900
900
800
500
300
400
900
900
800
800
800
800
-1100
800
800
800
800
800
800
800
500
300
800
800
800
400
900
0
900
900
900
900
800
800
800
800
800
800
800
800
500
-700
500
500
300
800
500
-2200
800
400
-500
1000
500
0
900
900
800
-100
0
1000
1000
900
900
900
900
900
900
900
900
500
900
900
800
-3100
800
800
800
-3100
900
800
500
500
-200
400
900
900
900
800
800
500
-200
800
800
800
800
800
500
300
800
500
500
-3000
-3000
1000
-1000
-1000
-1000
-1000
-1000
1000
1000
1000
1000
900
900
900
800
800
800
400
900
900
0
900
800
800
500
500
-3000
-3000
-3000
-3000
1000
1000
1000
1000
1000
500
900
800
800
800
500
-200
800
800
400
900
-1000
-1000
-1000
-1000
-1000
-1000
-1000
-1000
-1000
-1000
-1000
-1000
-1000
-1000
-1000
-1000
-1000
-1000
1000
1000
1000
1000
1000
1000
900
800
800
500
500
-1700
-100
500
1000
1000
1000
1000
1000
500
1000
900
900
800
800
800
500
500
500
500
-3000
1000
-1000
-1000
-1000
-1000
-1000
-1000
-1000
-1000
-1000
-1000
-1000
-1000
-1000
1000
1000
0
1000
900
800
800
500
500
300
500
500
-700
500
300
800
800
800
800
500
500
300
400
800
500
-700
-600
900
900
800
400
900
900
900
900
900
900
900
900
900
800
800
800
-100
900
-1000
-1000
1000
1000
1000
1000
1000
1000
1000
1000
1000
1000
1000
1000
900
900
900
800
-1600
900
900
500
1000
1000
1000
900
900
800
500
300
400
800
800
500
-1200
800
800
800
400
900
800
500
-700
800
500
300
800
500
300
400
800
500
-3000
-3000
-3000
-3000
1000
1000
1000
1000
1000
1000
1000
500
900
900
800
500
500
-200
800
800
-1100
900
900
0
1000
1000
900
900
900
900
800
500
500
-200
800
800
800
500
500
500
300
800
800
500
-3000
-3000
-3000
-3000
-3000
-3000
-3000
-3000
-3000
-3000
-3000
-3000
-3000
-3000
-3000
-3000
1000
1000
900
900
800
800
800
800
800
400
500
1000
900
800
800
500
-700
500
-3000
-3000
1000
900
800
800
800
800
500
300
800
800
800
400
-2500
900
900
800
500
-3000
1000
1000
1000
1000
1000
900
900
0
900
900
900
0
1000
900
800
800
400
900
900
800
800
800
800
400
900
900
900
900
800
-100
800
500
300
800
-100
900
900
900
800
800
800
500
300
500
300
800
800
500
500
500
500
500
500
-3000
-3000
-3000
-3000
-3000
-3000
-3000
-3000
-3000
-3000
1000
1000
500
1000
1000
-500
900
900
800
400
800
500
-3000
1000
500
1000
900
900
900
800
-600
900
900
900
900
900
900
900
900
800
800
800
800
800
800
800
800
800
800
500
500
-200
500
300
500
300
800
800
800
400
800
800
500
-200
500
500
-200
500
500
500
500
-200
-100
900
800
-600
800
500
-700
400
500
900
0
1000
900
800
800
800
500
500
300
800
800
400
900
800
800
-600
900
900
900
800
800
400
500
1000
500
1000
-1000
-1000
-1000
-1000
-1000
-1000
-1000
1000
900
900
900
900
800
-4600
-1500
1000
1000
-1000
-1000
-1000
-1000
-1000
-1000
1000
1000
1000
1000
0
1000
1000
1000
1000
1000
900
900
900
900
900
900
0
1000
1000
1000
1000
1000
1000
1000
1000
1000
900
900
900
900
800
800
800
400
900
900
900
900
900
900
800
800
800
800
400
900
900
800
800
-600
900
800
800
500
300
800
500
500
300
500
-3000
1000
900
500
1000
900
900
800
500
500
-700
400
500
1000
1000
1000
-500
900
900
900
900
800
800
800
800
800
500
300
800
400
800
800
800
400
900
500
1000
900
900
800
400
900
900
900
900
900
900
900
800
400
900
900
900
900
800
500
300
800
500
500
-1700
-100
900
800
400
800
800
800
800
800
800
800
500
-200
800
800
800
800
500
300
800
-100
900
900
900
900
900
-1000
-1000
-1000
-1000
-1000
1000
1000
0
1000
900
900
900
900
900
800
500
-200
800
500
500
300
-100
500
1000
500
500
900
800
-100
800
800
800
800
500
-200
800
800
500
300
400
900
800
800
-100
800
800
800
500
500
-200
800
500
-1200
800
800
500
500
500
-1200
500
500
500
300
800
-600
800
400
900
800
-1000
1000
1000
500
900
900
900
900
