23600.0
26115.0
23460.0
27275.0
22100.0
18955.0
25045.0
20040.0
18405.0
24265.0
27000.0
26120.0
22285.0
20690.0
26650.0
27040.0
31120.0
23760.0
30690.0
22915.0
25330.0
24330.0
24870.0
27470.0
21015.0
30220.0
34855.0
30565.0
20285.0
31815.0
25930.0
24715.0
19470.0
24600.0
23775.0
25590.0
26660.0
20585.0
23415.0
24420.0
30135.0
24125.0
20130.0
24615.0
29075.0
29535.0
23700.0
23055.0
20385.0
22210.0
24465.0
26770.0
15670.0
25110.0
25120.0
25605.0
25030.0
30190.0
30090.0
29785.0
23090.0
16880.0
29285.0
23630.0
20150.0
15450.0
25885.0
16975.0
24540.0
19420.0
24155.0
19715.0
25435.0
17730.0
25530.0
20490.0
17840.0
27065.0
20400.0
19300.0
26365.0
22820.0
19470.0
24735.0
18210.0
23475.0
28275.0
33245.0
25250.0
22455.0
28385.0
24260.0
28055.0
24335.0
28275.0
25235.0
27645.0
20475.0
20980.0
19970.0
23135.0
23995.0
18250.0
20310.0
20800.0
23025.0
27730.0
18985.0
20250.0
30115.0
20510.0
22220.0
16315.0
21530.0
19750.0
17190.0
29250.0
22160.0
29235.0
26665.0
23820.0
23355.0
22060.0
16855.0
24530.0
21155.0
21985.0
30025.0
21615.0
23880.0
22580.0
35370.0
24510.0
31745.0
27385.0
24740.0
22350.0
23205.0
24570.0
29275.0
30255.0
30400.0
25290.0
20015.0
22820.0
31170.0
22180.0
24020.0
28445.0
25715.0
23170.0
26490.0
23040.0
21465.0
32890.0
20530.0
15755.0
29015.0
29395.0
26500.0
14870.0
27155.0
22525.0
26840.0
23680.0
22250.0
19950.0
26705.0
30435.0
25275.0
32820.0
26870.0
22190.0
23005.0
26410.0
23890.0
22395.0
28280.0
18575.0
25820.0
22670.0
22490.0
22975.0
25890.0
30465.0
21570.0
22555.0
19450.0
28905.0
25835.0
24960.0
30390.0
18985.0
22190.0
23710.0
24160.0
35940.0
18700.0
23205.0
28270.0
21670.0
18475.0
23500.0
20600.0
22430.0
18980.0
28020.0
21775.0
20595.0
26050.0
25150.0
28000.0
24645.0
25245.0
27015.0
21180.0
22550.0
16760.0
22270.0
31965.0
34870.0
18570.0
26075.0
20680.0
20920.0
27155.0
26580.0
27280.0
25310.0
17805.0
21585.0
19835.0
27305.0
21815.0
22395.0
23420.0
26535.0
24545.0
22400.0
26640.0
25310.0
20385.0
19125.0
23210.0
21595.0
21595.0
24015.0
24680.0
22130.0
26065.0
21990.0
27110.0
26395.0
29960.0
17950.0
23655.0
27580.0
21700.0
24480.0
19600.0
31260.0
27115.0
30120.0
21855.0
19470.0
18270.0
20425.0
26515.0
22845.0
27150.0
33850.0
20675.0
26800.0
24180.0
18615.0
34400.0
16465.0
24380.0
29560.0
22730.0
32970.0
22185.0
22710.0
29520.0
18535.0
24165.0
21370.0
23440.0
26915.0
23305.0
27650.0
29660.0
20495.0
28290.0
17515.0
23425.0
19580.0
25740.0
21115.0
18075.0
30400.0
16925.0
23875.0
20055.0
27945.0
26600.0
17745.0
18900.0
25200.0
22580.0
23680.0
26855.0
17020.0
29325.0
26465.0
32070.0
27515.0
26275.0
23885.0
21070.0
22520.0
24165.0
22320.0
24075.0
21880.0
27065.0
29185.0
30330.0
20190.0
25830.0
31500.0
20145.0
22270.0
22405.0
21365.0
26510.0
34670.0
21785.0
26955.0
14320.0
16355.0
24505.0
19895.0
26060.0
23375.0
22930.0
22820.0
28445.0
13560.0
30260.0
17025.0
28045.0
21350.0
19440.0
22515.0
22290.0
18535.0
32325.0
23145.0
29870.0
31035.0
20780.0
26760.0
19895.0
26455.0
22455.0
21700.0
17615.0
28565.0
23075.0
23870.0
25265.0
25935.0
30175.0
22030.0
19345.0
23125.0
23205.0
20140.0
29650.0
26410.0
25925.0
26840.0
15455.0
28175.0
32030.0
22605.0
28175.0
24105.0
28770.0
21585.0
19105.0
28210.0
26970.0
17075.0
23245.0
28630.0
25490.0
27270.0
19535.0
20755.0
23995.0
18555.0
29450.0
27160.0
25695.0
21760.0
21180.0
31125.0
21785.0
32200.0
25700.0
26540.0
22915.0
20065.0
31720.0
17935.0
33430.0
17240.0
32595.0
25050.0
28895.0
15145.0
23270.0
28615.0
30095.0
22845.0
30400.0
21935.0
22905.0
23490.0
23040.0
19110.0
26115.0
31685.0
18960.0
23435.0
20985.0
26265.0
23320.0
19330.0
18530.0
19340.0
15705.0
30370.0
29555.0
27390.0
23220.0
22435.0
19760.0
18230.0
19600.0
25130.0
16300.0
16870.0
17700.0
23655.0
28510.0
19320.0
23920.0
21610.0
22045.0
19380.0
28125.0
20650.0
27700.0
23520.0
24835.0
21765.0
18765.0
23165.0
23120.0
28005.0
24945.0
24395.0
17560.0
23055.0
19080.0
20635.0
22485.0
23305.0
23120.0
32210.0
22635.0
26075.0
17895.0
17980.0
13425.0
20785.0
20255.0
17015.0
28120.0
21855.0
23685.0
21705.0
23130.0
26595.0
27915.0
25445.0
27155.0
